% number of locations
21
% for each location: node, x, y
0, 0, 0
1, 350, 235
2, 294, 675
3, 614, 185
4, 428, 543
5, 377, 142
6, 311, 154
7, 345, 257
8, 354, 194
9, 296, 692
10, 287, 637
11, 248, 671
12, 284, 652
13, 546, 203
14, 643, 185
15, 571, 205
16, 575, 152
17, 492, 497
18, 466, 485
19, 430, 633
20, 470, 559
% number of vessels
4
% number of vessel types
3
% for each vesseltype: vessel_id, battery range, operational cost, speed, passenger capacity, fixed cost
1, 2000, 1, 20, 10, 7500 
2, 2750, 2, 22, 15, 15000 
3, 3500, 3.5, 25, 25, 25000 
% number of charging stations
4
% for each charging station: node, x, y
1, 350, 235
2, 294, 675
3, 614, 185
4, 428, 543
% number of jobs
16
% for each job: node, crew needed
5, 7
6, 3
7, 4
8, 5
9, 6
10, 4
11, 2
12, 6
13, 5
14, 6
15, 7
16, 5
17, 5
18, 5
19, 4
20, 5
% number of nodes
32
% for each node: node, binary
5, 0
5, 1
6, 0
6, 1
7, 0
7, 1
8, 0
8, 1
9, 0
9, 1
10, 0
10, 1
11, 0
11, 1
12, 0
12, 1
13, 0
13, 1
14, 0
14, 1
15, 0
15, 1
16, 0
16, 1
17, 0
17, 1
18, 0
18, 1
19, 0
19, 1
20, 0
20, 1
% costs
% fixed penalty
3000
% penalty per crew
750
% preprocessing
% PreferredCS 
(0, 0), (0, 0), (0, 0), (0, 0), (0, 0), (0, 0), (0, 0), (0, 0), (0, 0), (0, 0), (0, 0), (0, 0), (0, 0), (0, 0), (0, 0), (0, 0), (0, 0), (0, 0), (0, 0), (0, 0), (0, 0)
(1, 0), (1, 0), (1, 0), (1, 0), (1, 0), (1, 0), (1, 0), (1, 0), (1, 0), (1, 0), (1, 0), (1, 0), (1, 0), (1, 0), (1, 0), (1, 0), (1, 0), (1, 0), (1, 0), (1, 0), (1, 0)
(2, 0), (2, 0), (2, 0), (2, 0), (2, 0), (2, 0), (2, 0), (2, 0), (2, 0), (2, 0), (2, 0), (2, 0), (2, 0), (2, 0), (2, 0), (2, 0), (2, 0), (2, 0), (2, 0), (2, 0), (2, 0)
(3, 0), (3, 0), (3, 0), (3, 0), (3, 0), (3, 0), (3, 0), (3, 0), (3, 0), (3, 0), (3, 0), (3, 0), (3, 0), (3, 0), (3, 0), (3, 0), (3, 0), (3, 0), (3, 0), (3, 0), (3, 0)
(4, 0), (4, 0), (4, 0), (4, 0), (4, 0), (4, 0), (4, 0), (4, 0), (4, 0), (4, 0), (4, 0), (4, 0), (4, 0), (4, 0), (4, 0), (4, 0), (4, 0), (4, 0), (4, 0), (4, 0), (4, 0)
(1, 96.84), (1, 96.84), (2, 539.42), (3, 240.87), (4, 404.23), (1, 96.84), (1, 96.84), (1, 96.84), (1, 96.84), (2, 539.42), (1, 96.84), (1, 96.84), (1, 96.84), (1, 96.84), (3, 240.87), (3, 240.87), (3, 240.87), (1, 96.84), (1, 96.84), (4, 404.23), (1, 96.84)
(1, 89.9), (1, 89.9), (2, 521.28), (3, 304.58), (4, 406.21), (1, 89.9), (1, 89.9), (1, 89.9), (1, 89.9), (2, 521.28), (1, 89.9), (1, 89.9), (1, 89.9), (1, 89.9), (3, 304.58), (1, 89.9), (1, 89.9), (1, 89.9), (1, 89.9), (1, 89.9), (1, 89.9)
(1, 22.56), (1, 22.56), (2, 421.1), (3, 278.47), (4, 297.8), (1, 22.56), (1, 22.56), (1, 22.56), (1, 22.56), (2, 421.1), (1, 22.56), (2, 421.1), (1, 22.56), (1, 22.56), (3, 278.47), (1, 22.56), (1, 22.56), (1, 22.56), (1, 22.56), (4, 297.8), (4, 297.8)
(1, 41.19), (1, 41.19), (2, 484.73), (3, 260.16), (4, 356.76), (1, 41.19), (1, 41.19), (1, 41.19), (1, 41.19), (1, 41.19), (1, 41.19), (1, 41.19), (1, 41.19), (1, 41.19), (3, 260.16), (1, 41.19), (1, 41.19), (1, 41.19), (1, 41.19), (4, 356.76), (1, 41.19)
(2, 17.12), (1, 460.18), (2, 17.12), (3, 598.48), (4, 199.06), (2, 17.12), (2, 17.12), (2, 17.12), (1, 460.18), (2, 17.12), (2, 17.12), (2, 17.12), (2, 17.12), (2, 17.12), (4, 199.06), (2, 17.12), (2, 17.12), (4, 199.06), (4, 199.06), (2, 17.12), (2, 17.12)
(2, 38.64), (1, 406.91), (2, 38.64), (3, 557.88), (4, 169.46), (1, 406.91), (1, 406.91), (1, 406.91), (1, 406.91), (2, 38.64), (2, 38.64), (2, 38.64), (2, 38.64), (4, 169.46), (3, 557.88), (4, 169.46), (4, 169.46), (4, 169.46), (4, 169.46), (2, 38.64), (4, 169.46)
(2, 46.17), (1, 447.77), (2, 46.17), (3, 608.4), (4, 220.87), (1, 447.77), (1, 447.77), (2, 46.17), (1, 447.77), (2, 46.17), (2, 46.17), (2, 46.17), (2, 46.17), (4, 220.87), (3, 608.4), (4, 220.87), (4, 220.87), (4, 220.87), (4, 220.87), (2, 46.17), (2, 46.17)
(2, 25.08), (1, 422.19), (2, 25.08), (3, 571.83), (4, 180.6), (1, 422.19), (1, 422.19), (1, 422.19), (1, 422.19), (2, 25.08), (2, 25.08), (2, 25.08), (2, 25.08), (4, 180.6), (4, 180.6), (4, 180.6), (4, 180.6), (4, 180.6), (4, 180.6), (2, 25.08), (4, 180.6)
(1, 198.6), (1, 198.6), (2, 535.06), (3, 70.34), (4, 359.89), (1, 198.6), (1, 198.6), (1, 198.6), (1, 198.6), (2, 535.06), (4, 359.89), (4, 359.89), (4, 359.89), (3, 70.34), (3, 70.34), (3, 70.34), (3, 70.34), (3, 70.34), (3, 70.34), (4, 359.89), (4, 359.89)
(3, 29.0), (1, 297.24), (2, 601.58), (3, 29.0), (4, 417.6), (3, 29.0), (3, 29.0), (3, 29.0), (3, 29.0), (4, 417.6), (3, 29.0), (3, 29.0), (4, 417.6), (3, 29.0), (3, 29.0), (3, 29.0), (3, 29.0), (3, 29.0), (3, 29.0), (4, 417.6), (3, 29.0)
(1, 223.03), (1, 223.03), (2, 545.55), (3, 47.42), (4, 367.01), (3, 47.42), (1, 223.03), (1, 223.03), (1, 223.03), (2, 545.55), (4, 367.01), (4, 367.01), (4, 367.01), (3, 47.42), (3, 47.42), (3, 47.42), (3, 47.42), (3, 47.42), (3, 47.42), (4, 367.01), (4, 367.01)
(1, 239.82), (1, 239.82), (2, 593.71), (3, 51.09), (4, 417.72), (3, 51.09), (1, 239.82), (1, 239.82), (1, 239.82), (2, 593.71), (4, 417.72), (4, 417.72), (4, 417.72), (3, 51.09), (3, 51.09), (3, 51.09), (3, 51.09), (3, 51.09), (3, 51.09), (4, 417.72), (3, 51.09)
(1, 298.01), (1, 298.01), (2, 266.25), (3, 335.0), (4, 78.82), (1, 298.01), (1, 298.01), (1, 298.01), (1, 298.01), (4, 78.82), (4, 78.82), (4, 78.82), (4, 78.82), (3, 335.0), (3, 335.0), (3, 335.0), (3, 335.0), (4, 78.82), (4, 78.82), (4, 78.82), (4, 78.82)
(1, 275.6), (1, 275.6), (2, 256.29), (3, 334.52), (4, 69.34), (1, 275.6), (1, 275.6), (1, 275.6), (1, 275.6), (4, 69.34), (4, 69.34), (4, 69.34), (4, 69.34), (3, 334.52), (3, 334.52), (3, 334.52), (3, 334.52), (4, 69.34), (4, 69.34), (4, 69.34), (4, 69.34)
(4, 90.02), (1, 405.96), (2, 142.34), (3, 484.31), (4, 90.02), (4, 90.02), (1, 405.96), (4, 90.02), (4, 90.02), (2, 142.34), (2, 142.34), (2, 142.34), (2, 142.34), (4, 90.02), (4, 90.02), (4, 90.02), (4, 90.02), (4, 90.02), (4, 90.02), (4, 90.02), (4, 90.02)
(4, 44.94), (1, 345.51), (2, 210.79), (3, 400.76), (4, 44.94), (1, 345.51), (1, 345.51), (4, 44.94), (1, 345.51), (2, 210.79), (4, 44.94), (2, 210.79), (4, 44.94), (4, 44.94), (3, 400.76), (4, 44.94), (3, 400.76), (4, 44.94), (4, 44.94), (4, 44.94), (4, 44.94)
% Distances 
0.0, 421.57, 736.25, 641.27, 691.4, 402.86, 347.04, 430.2, 403.67, 752.65, 698.67, 715.36, 711.17, 582.52, 669.08, 606.68, 594.75, 699.34, 672.59, 765.24, 730.33
421.57, 0.0, 443.55, 268.69, 317.72, 96.84, 89.9, 22.56, 41.19, 460.18, 406.91, 447.77, 422.19, 198.6, 297.24, 223.03, 239.82, 298.01, 275.6, 405.96, 345.51
736.25, 443.55, 0.0, 585.23, 188.1, 539.42, 521.28, 421.1, 484.73, 17.12, 38.64, 46.17, 25.08, 535.06, 601.58, 545.55, 593.71, 266.25, 256.29, 142.34, 210.79
641.27, 268.69, 585.23, 0.0, 403.44, 240.87, 304.58, 278.47, 260.16, 598.48, 557.88, 608.4, 571.83, 70.34, 29.0, 47.42, 51.09, 335.0, 334.52, 484.31, 400.76
691.4, 317.72, 188.1, 403.44, 0.0, 404.23, 406.21, 297.8, 356.76, 199.06, 169.46, 220.87, 180.6, 359.89, 417.6, 367.01, 417.72, 78.82, 69.34, 90.02, 44.94
402.86, 96.84, 539.42, 240.87, 404.23, 0.0, 67.08, 119.37, 56.86, 555.93, 503.12, 544.5, 518.41, 179.67, 269.45, 203.97, 198.25, 373.16, 354.36, 493.85, 427.24
347.04, 89.9, 521.28, 304.58, 406.21, 67.08, 0.0, 108.47, 58.73, 538.21, 483.6, 520.82, 498.73, 240.05, 333.44, 264.95, 264.01, 387.83, 365.49, 493.56, 435.09
430.2, 22.56, 421.1, 278.47, 297.8, 119.37, 108.47, 0.0, 63.64, 437.75, 384.4, 425.21, 399.68, 208.13, 306.57, 231.91, 252.83, 281.44, 258.12, 385.49, 326.85
403.67, 41.19, 484.73, 260.16, 356.76, 56.86, 58.73, 63.64, 0.0, 501.37, 448.04, 488.64, 463.32, 192.21, 289.14, 217.28, 224.96, 332.95, 311.81, 445.53, 382.99
752.65, 460.18, 17.12, 598.48, 199.06, 555.93, 538.21, 437.75, 501.37, 0.0, 55.73, 52.39, 41.76, 549.2, 614.38, 559.28, 607.82, 276.48, 267.86, 146.41, 219.01
698.67, 406.91, 38.64, 557.88, 169.46, 503.12, 483.6, 384.4, 448.04, 55.73, 0.0, 51.74, 15.3, 505.41, 575.36, 516.99, 564.06, 248.24, 234.83, 143.06, 198.93
715.36, 447.77, 46.17, 608.4, 220.87, 544.5, 520.82, 425.21, 488.64, 52.39, 51.74, 0.0, 40.71, 554.82, 626.28, 567.0, 613.42, 299.69, 286.57, 185.92, 248.65
711.17, 422.19, 25.08, 571.83, 180.6, 518.41, 498.73, 399.68, 463.32, 41.76, 15.3, 40.71, 0.0, 519.85, 589.04, 531.2, 578.52, 259.4, 247.01, 147.23, 207.95
582.52, 198.6, 535.06, 70.34, 359.89, 179.67, 240.05, 208.13, 192.21, 549.2, 505.41, 554.82, 519.85, 0.0, 98.66, 25.08, 58.67, 298.92, 293.13, 445.37, 364.02
669.08, 297.24, 601.58, 29.0, 417.6, 269.45, 333.44, 306.57, 289.14, 614.38, 575.36, 626.28, 589.04, 98.66, 0.0, 74.73, 75.58, 346.62, 348.32, 496.06, 412.07
606.68, 223.03, 545.55, 47.42, 367.01, 203.97, 264.95, 231.91, 217.28, 559.28, 516.99, 567.0, 531.2, 25.08, 74.73, 0.0, 53.15, 302.5, 299.04, 450.63, 368.13
594.75, 239.82, 593.71, 51.09, 417.72, 198.25, 264.01, 252.83, 224.96, 607.82, 564.06, 613.42, 578.52, 58.67, 75.58, 53.15, 0.0, 354.84, 350.39, 502.38, 420.33
699.34, 298.01, 266.25, 335.0, 78.82, 373.16, 387.83, 281.44, 332.95, 276.48, 248.24, 299.69, 259.4, 298.92, 346.62, 302.5, 354.84, 0.0, 28.64, 149.47, 65.79
672.59, 275.6, 256.29, 334.52, 69.34, 354.36, 365.49, 258.12, 311.81, 267.86, 234.83, 286.57, 247.01, 293.13, 348.32, 299.04, 350.39, 28.64, 0.0, 152.32, 74.11
765.24, 405.96, 142.34, 484.31, 90.02, 493.85, 493.56, 385.49, 445.53, 146.41, 143.06, 185.92, 147.23, 445.37, 496.06, 450.63, 502.38, 149.47, 152.32, 0.0, 84.12
730.33, 345.51, 210.79, 400.76, 44.94, 427.24, 435.09, 326.85, 382.99, 219.01, 198.93, 248.65, 207.95, 364.02, 412.07, 368.13, 420.33, 65.79, 74.11, 84.12, 0.0
% DistancesWithCharging 
0.0, 421.57, 736.25, 641.27, 691.4, 499.70000000000005, 436.94000000000005, 452.76, 444.86, 769.77, 737.31, 761.53, 736.25, 652.86, 698.08, 654.0999999999999, 645.84, 778.1600000000001, 741.9300000000001, 855.26, 775.27
421.57, 0.0, 443.55, 268.69, 317.72, 193.68, 179.8, 45.12, 82.38, 477.3, 445.55, 493.94, 447.27, 268.94, 326.24, 270.45, 290.90999999999997, 376.83, 344.94000000000005, 495.97999999999996, 390.45
736.25, 443.55, 0.0, 585.23, 188.1, 636.26, 611.18, 443.66, 525.9200000000001, 34.24, 77.28, 92.34, 50.16, 605.4, 630.58, 592.9699999999999, 644.8000000000001, 345.07, 325.63, 232.36, 255.73
641.27, 268.69, 585.23, 0.0, 403.44, 337.71000000000004, 394.48, 301.03000000000003, 301.35, 615.6, 596.52, 654.5699999999999, 596.9100000000001, 140.68, 58.0, 94.84, 102.18, 413.82, 403.86, 574.33, 445.7
691.4, 317.72, 188.1, 403.44, 0.0, 501.07000000000005, 496.11, 320.36, 397.95, 216.18, 208.10000000000002, 267.04, 205.68, 430.23, 446.6, 414.43, 468.81000000000006, 157.64, 138.68, 180.04, 89.88
402.86, 96.84, 539.42, 240.87, 404.23, 96.84, 156.98000000000002, 141.93, 98.05, 573.05, 541.76, 590.67, 543.49, 250.01, 298.45, 251.39, 249.34, 451.98, 423.70000000000005, 583.87, 472.18
347.04, 89.9, 521.28, 304.58, 406.21, 163.92000000000002, 89.9, 131.03, 99.91999999999999, 555.33, 522.24, 566.99, 523.8100000000001, 310.39, 362.44, 312.37, 315.1, 466.65, 434.83000000000004, 583.58, 480.03
430.2, 22.56, 421.1, 278.47, 297.8, 216.21, 198.37, 22.56, 104.83, 454.87, 423.03999999999996, 471.38, 424.76, 278.47, 335.57, 279.33, 303.92, 360.26, 327.46000000000004, 475.51, 371.79
403.67, 41.19, 484.73, 260.16, 356.76, 153.7, 148.63, 86.2, 41.19, 518.49, 486.68, 534.81, 488.4, 262.55, 318.14, 264.7, 276.05, 411.77, 381.15, 535.55, 427.93
752.65, 460.18, 17.12, 598.48, 199.06, 652.77, 628.11, 460.31, 542.56, 17.12, 94.37, 98.56, 66.84, 619.5400000000001, 643.38, 606.6999999999999, 658.9100000000001, 355.3, 337.20000000000005, 236.43, 263.95
698.67, 406.91, 38.64, 557.88, 169.46, 599.96, 573.5, 406.96, 489.23, 72.85, 38.64, 97.91, 40.379999999999995, 575.75, 604.36, 564.41, 615.15, 327.06, 304.17, 233.07999999999998, 243.87
715.36, 447.77, 46.17, 608.4, 220.87, 641.34, 610.72, 447.77, 529.8299999999999, 69.51, 90.38, 46.17, 65.78999999999999, 625.1600000000001, 655.28, 614.42, 664.51, 378.51, 355.90999999999997, 275.94, 293.59000000000003
711.17, 422.19, 25.08, 571.83, 180.6, 615.25, 588.63, 422.24, 504.51, 58.879999999999995, 53.94, 86.88, 25.08, 590.19, 618.04, 578.62, 629.61, 338.21999999999997, 316.35, 237.25, 252.89
582.52, 198.6, 535.06, 70.34, 359.89, 276.51, 329.95000000000005, 230.69, 233.4, 566.32, 544.0500000000001, 600.99, 544.9300000000001, 70.34, 127.66, 72.5, 109.76, 377.74, 362.47, 535.39, 408.96
669.08, 297.24, 601.58, 29.0, 417.6, 366.28999999999996, 423.34000000000003, 329.13, 330.33, 631.5, 614.0, 672.4499999999999, 614.12, 169.0, 29.0, 122.15, 126.67, 425.44, 417.65999999999997, 586.08, 457.01
606.68, 223.03, 545.55, 47.42, 367.01, 300.81, 354.85, 254.47, 258.47, 576.4, 555.63, 613.17, 556.2800000000001, 95.42, 103.73, 47.42, 104.24000000000001, 381.32, 368.38, 540.65, 413.07
594.75, 239.82, 593.71, 51.09, 417.72, 295.09000000000003, 353.90999999999997, 275.39, 266.15, 624.94, 602.6999999999999, 659.5899999999999, 603.6, 129.01, 104.58, 100.57, 51.09, 433.65999999999997, 419.73, 592.4, 465.27
699.34, 298.01, 266.25, 335.0, 78.82, 470.0, 477.73, 304.0, 374.14, 293.6, 286.88, 345.86, 284.47999999999996, 369.26, 375.62, 349.92, 405.92999999999995, 78.82, 97.98, 239.49, 110.73
672.59, 275.6, 256.29, 334.52, 69.34, 451.20000000000005, 455.39, 280.68, 353.0, 284.98, 273.47, 332.74, 272.09, 363.47, 377.32, 346.46000000000004, 401.48, 107.46, 69.34, 242.33999999999997, 119.05
765.24, 405.96, 142.34, 484.31, 90.02, 590.69, 583.46, 408.05, 486.71999999999997, 163.53, 181.7, 232.08999999999997, 172.31, 515.71, 525.06, 498.05, 553.47, 228.29, 221.66, 90.02, 129.06
730.33, 345.51, 210.79, 400.76, 44.94, 524.08, 524.99, 349.41, 424.18, 236.13, 237.57, 294.82, 233.02999999999997, 434.36, 441.07, 415.55, 471.41999999999996, 144.61, 143.45, 174.14, 44.94
