% number of locations
21
% for each location: node, x, y
0, 0, 0
1, 971, 555
2, 131, 222
3, 938, 661
4, 210, 769
5, 1000, 564
6, 924, 521
7, 923, 498
8, 932, 537
9, 105, 174
10, 83, 248
11, 123, 196
12, 133, 303
13, 817, 627
14, 935, 694
15, 955, 639
16, 932, 658
17, 265, 754
18, 241, 715
19, 263, 756
20, 176, 691
% number of vessels
4
% number of vessel types
3
% for each vesseltype: vessel_id, battery range, operational cost, speed, passenger capacity, fixed cost
1, 1500, 3, 20, 12, 15000 
2, 2000, 6, 22, 17, 17500 
3, 2750, 11, 25, 25, 22500 
% number of charging stations
4
% for each charging station: node, x, y
1, 971, 555
2, 131, 222
3, 938, 661
4, 210, 769
% number of jobs
16
% for each job: node, crew needed
5, 4
6, 4
7, 6
8, 3
9, 5
10, 1
11, 7
12, 7
13, 3
14, 6
15, 4
16, 3
17, 5
18, 4
19, 6
20, 6
% number of nodes
32
% for each node: node, binary
5, 0
5, 1
6, 0
6, 1
7, 0
7, 1
8, 0
8, 1
9, 0
9, 1
10, 0
10, 1
11, 0
11, 1
12, 0
12, 1
13, 0
13, 1
14, 0
14, 1
15, 0
15, 1
16, 0
16, 1
17, 0
17, 1
18, 0
18, 1
19, 0
19, 1
20, 0
20, 1
% costs
% fixed penalty
5000
% penalty per crew
1000
% preprocessing
% PreferredCS 
(0, 0), (0, 0), (0, 0), (0, 0), (0, 0), (0, 0), (0, 0), (0, 0), (0, 0), (0, 0), (0, 0), (0, 0), (0, 0), (0, 0), (0, 0), (0, 0), (0, 0), (0, 0), (0, 0), (0, 0), (0, 0)
(1, 0), (1, 0), (1, 0), (1, 0), (1, 0), (1, 0), (1, 0), (1, 0), (1, 0), (1, 0), (1, 0), (1, 0), (1, 0), (1, 0), (1, 0), (1, 0), (1, 0), (1, 0), (1, 0), (1, 0), (1, 0)
(2, 0), (2, 0), (2, 0), (2, 0), (2, 0), (2, 0), (2, 0), (2, 0), (2, 0), (2, 0), (2, 0), (2, 0), (2, 0), (2, 0), (2, 0), (2, 0), (2, 0), (2, 0), (2, 0), (2, 0), (2, 0)
(3, 0), (3, 0), (3, 0), (3, 0), (3, 0), (3, 0), (3, 0), (3, 0), (3, 0), (3, 0), (3, 0), (3, 0), (3, 0), (3, 0), (3, 0), (3, 0), (3, 0), (3, 0), (3, 0), (3, 0), (3, 0)
(4, 0), (4, 0), (4, 0), (4, 0), (4, 0), (4, 0), (4, 0), (4, 0), (4, 0), (4, 0), (4, 0), (4, 0), (4, 0), (4, 0), (4, 0), (4, 0), (4, 0), (4, 0), (4, 0), (4, 0), (4, 0)
(1, 30.36), (1, 30.36), (2, 933.88), (3, 115.12), (4, 816.16), (1, 30.36), (1, 30.36), (1, 30.36), (1, 30.36), (1, 30.36), (1, 30.36), (1, 30.36), (1, 30.36), (1, 30.36), (3, 115.12), (1, 30.36), (3, 115.12), (1, 30.36), (1, 30.36), (1, 30.36), (1, 30.36)
(2, 847.5), (1, 58.01), (2, 847.5), (3, 140.7), (4, 755.84), (1, 58.01), (1, 58.01), (1, 58.01), (1, 58.01), (2, 847.5), (2, 847.5), (2, 847.5), (2, 847.5), (1, 58.01), (3, 140.7), (1, 58.01), (3, 140.7), (1, 58.01), (1, 58.01), (1, 58.01), (4, 755.84)
(2, 838.71), (1, 74.52), (2, 838.71), (3, 163.69), (4, 762.76), (1, 74.52), (1, 74.52), (1, 74.52), (1, 74.52), (2, 838.71), (2, 838.71), (2, 838.71), (2, 838.71), (1, 74.52), (3, 163.69), (1, 74.52), (3, 163.69), (1, 74.52), (1, 74.52), (1, 74.52), (4, 762.76)
(2, 860.71), (1, 42.95), (2, 860.71), (3, 124.15), (4, 758.36), (1, 42.95), (1, 42.95), (1, 42.95), (1, 42.95), (2, 860.71), (2, 860.71), (2, 860.71), (1, 42.95), (1, 42.95), (3, 124.15), (1, 42.95), (3, 124.15), (1, 42.95), (1, 42.95), (1, 42.95), (4, 758.36)
(2, 54.59), (1, 946.11), (2, 54.59), (3, 964.91), (4, 604.19), (1, 946.11), (2, 54.59), (2, 54.59), (2, 54.59), (2, 54.59), (2, 54.59), (2, 54.59), (2, 54.59), (2, 54.59), (2, 54.59), (2, 54.59), (2, 54.59), (2, 54.59), (2, 54.59), (2, 54.59), (2, 54.59)
(2, 54.59), (1, 939.57), (2, 54.59), (3, 949.52), (4, 536.26), (1, 939.57), (2, 54.59), (2, 54.59), (2, 54.59), (2, 54.59), (2, 54.59), (2, 54.59), (2, 54.59), (2, 54.59), (3, 949.52), (3, 949.52), (3, 949.52), (4, 536.26), (2, 54.59), (4, 536.26), (2, 54.59)
(2, 27.2), (1, 920.86), (2, 27.2), (3, 938.32), (4, 579.57), (1, 920.86), (2, 27.2), (2, 27.2), (2, 27.2), (2, 27.2), (2, 27.2), (2, 27.2), (2, 27.2), (2, 27.2), (2, 27.2), (2, 27.2), (2, 27.2), (2, 27.2), (2, 27.2), (2, 27.2), (2, 27.2)
(2, 81.02), (1, 875.07), (2, 81.02), (3, 881.02), (4, 472.32), (1, 875.07), (2, 81.02), (2, 81.02), (1, 875.07), (2, 81.02), (2, 81.02), (2, 81.02), (2, 81.02), (2, 81.02), (3, 881.02), (3, 881.02), (3, 881.02), (4, 472.32), (4, 472.32), (4, 472.32), (2, 81.02)
(2, 796.63), (1, 170.0), (2, 796.63), (3, 125.69), (4, 623.39), (1, 170.0), (1, 170.0), (1, 170.0), (1, 170.0), (2, 796.63), (2, 796.63), (2, 796.63), (2, 796.63), (3, 125.69), (3, 125.69), (3, 125.69), (3, 125.69), (4, 623.39), (4, 623.39), (4, 623.39), (4, 623.39)
(3, 33.14), (1, 143.59), (2, 932.31), (3, 33.14), (4, 728.87), (3, 33.14), (3, 33.14), (3, 33.14), (3, 33.14), (2, 932.31), (3, 33.14), (2, 932.31), (3, 33.14), (3, 33.14), (3, 33.14), (3, 33.14), (3, 33.14), (3, 33.14), (3, 33.14), (3, 33.14), (3, 33.14)
(3, 27.8), (1, 85.51), (2, 923.51), (3, 27.8), (4, 756.26), (1, 85.51), (1, 85.51), (1, 85.51), (1, 85.51), (2, 923.51), (3, 27.8), (2, 923.51), (3, 27.8), (3, 27.8), (3, 27.8), (3, 27.8), (3, 27.8), (3, 27.8), (3, 27.8), (3, 27.8), (3, 27.8)
(3, 6.71), (1, 110.14), (2, 911.97), (3, 6.71), (4, 730.48), (3, 6.71), (3, 6.71), (3, 6.71), (3, 6.71), (2, 911.97), (3, 6.71), (2, 911.97), (3, 6.71), (3, 6.71), (3, 6.71), (3, 6.71), (3, 6.71), (3, 6.71), (3, 6.71), (3, 6.71), (3, 6.71)
(2, 548.62), (1, 733.51), (2, 548.62), (3, 679.4), (4, 57.01), (1, 733.51), (1, 733.51), (1, 733.51), (1, 733.51), (2, 548.62), (4, 57.01), (2, 548.62), (4, 57.01), (4, 57.01), (3, 679.4), (3, 679.4), (3, 679.4), (4, 57.01), (4, 57.01), (4, 57.01), (4, 57.01)
(2, 505.12), (1, 747.33), (2, 505.12), (3, 699.09), (4, 62.27), (1, 747.33), (1, 747.33), (1, 747.33), (1, 747.33), (2, 505.12), (2, 505.12), (2, 505.12), (4, 62.27), (4, 62.27), (3, 699.09), (3, 699.09), (3, 699.09), (4, 62.27), (4, 62.27), (4, 62.27), (4, 62.27)
(2, 550.07), (1, 735.98), (2, 550.07), (3, 681.65), (4, 54.57), (1, 735.98), (1, 735.98), (1, 735.98), (1, 735.98), (2, 550.07), (4, 54.57), (2, 550.07), (4, 54.57), (4, 54.57), (3, 681.65), (3, 681.65), (3, 681.65), (4, 54.57), (4, 54.57), (4, 54.57), (4, 54.57)
(2, 471.15), (1, 806.55), (2, 471.15), (3, 762.59), (4, 85.09), (1, 806.55), (4, 85.09), (4, 85.09), (4, 85.09), (2, 471.15), (2, 471.15), (2, 471.15), (2, 471.15), (4, 85.09), (3, 762.59), (3, 762.59), (3, 762.59), (4, 85.09), (4, 85.09), (4, 85.09), (4, 85.09)
% Distances 
0.0, 1118.42, 257.77, 1147.5, 797.16, 1148.08, 1060.76, 1048.78, 1075.64, 203.23, 261.52, 231.4, 330.9, 1029.86, 1164.41, 1149.06, 1140.87, 799.21, 754.52, 800.44, 713.06
1118.42, 0.0, 903.6, 111.02, 790.52, 30.36, 58.01, 74.52, 42.95, 946.11, 939.57, 920.86, 875.07, 170.0, 143.59, 85.51, 110.14, 733.51, 747.33, 735.98, 806.55
257.77, 903.6, 0.0, 918.68, 552.68, 933.88, 847.5, 838.71, 860.71, 54.59, 54.59, 27.2, 81.02, 796.63, 932.31, 923.51, 911.97, 548.62, 505.12, 550.07, 471.15
1147.5, 111.02, 918.68, 0.0, 735.97, 115.12, 140.7, 163.69, 124.15, 964.91, 949.52, 938.32, 881.02, 125.69, 33.14, 27.8, 6.71, 679.4, 699.09, 681.65, 762.59
797.16, 790.52, 552.68, 735.97, 0.0, 816.16, 755.84, 762.76, 758.36, 604.19, 536.26, 579.57, 472.32, 623.39, 728.87, 756.26, 730.48, 57.01, 62.27, 54.57, 85.09
1148.08, 30.36, 933.88, 115.12, 816.16, 0.0, 87.32, 101.41, 73.16, 976.28, 969.92, 951.08, 905.43, 193.54, 145.34, 87.46, 116.02, 759.16, 773.87, 761.6, 833.73
1060.76, 58.01, 847.5, 140.7, 755.84, 87.32, 0.0, 23.02, 17.89, 889.48, 884.2, 864.42, 820.49, 150.62, 173.35, 122.0, 137.23, 698.98, 710.02, 701.53, 767.07
1048.78, 74.52, 838.71, 163.69, 762.76, 101.41, 23.02, 0.0, 40.02, 879.83, 876.41, 855.1, 813.71, 166.96, 196.37, 144.59, 160.25, 706.05, 715.69, 708.64, 771.53
1075.64, 42.95, 860.71, 124.15, 758.36, 73.16, 17.89, 40.02, 0.0, 903.16, 896.84, 877.93, 832.56, 146.03, 157.03, 104.56, 121.0, 701.41, 713.56, 703.93, 771.53
203.23, 946.11, 54.59, 964.91, 604.19, 976.28, 889.48, 879.83, 903.16, 0.0, 77.2, 28.43, 132.0, 843.89, 979.44, 968.88, 958.22, 601.66, 557.83, 603.07, 521.85
261.52, 939.57, 54.59, 949.52, 536.26, 969.92, 884.2, 876.41, 896.84, 77.2, 0.0, 65.6, 74.33, 826.07, 961.68, 955.65, 942.82, 537.74, 493.0, 538.95, 452.66
231.4, 920.86, 27.2, 938.32, 579.57, 951.08, 864.42, 855.1, 877.93, 28.43, 65.6, 0.0, 107.47, 816.94, 952.55, 942.59, 931.62, 575.78, 532.25, 577.23, 497.83
330.9, 875.07, 81.02, 881.02, 472.32, 905.43, 820.49, 813.71, 832.56, 132.0, 74.33, 107.47, 0.0, 756.86, 892.24, 888.02, 874.31, 469.92, 425.92, 471.28, 390.38
1029.86, 170.0, 796.63, 125.69, 623.39, 193.54, 150.62, 166.96, 146.03, 843.89, 826.07, 816.94, 756.86, 0.0, 135.69, 138.52, 119.1, 566.42, 582.68, 568.82, 644.19
1164.41, 143.59, 932.31, 33.14, 728.87, 145.34, 173.35, 196.37, 157.03, 979.44, 961.68, 952.55, 892.24, 135.69, 0.0, 58.52, 36.12, 672.68, 694.32, 674.85, 759.01
1149.06, 85.51, 923.51, 27.8, 756.26, 87.46, 122.0, 144.59, 104.56, 968.88, 955.65, 942.59, 888.02, 138.52, 58.52, 0.0, 29.83, 699.52, 718.03, 701.82, 780.73
1140.87, 110.14, 911.97, 6.71, 730.48, 116.02, 137.23, 160.25, 121.0, 958.22, 942.82, 931.62, 874.31, 119.1, 36.12, 29.83, 0.0, 673.87, 693.35, 676.14, 756.72
799.21, 733.51, 548.62, 679.4, 57.01, 759.16, 698.98, 706.05, 701.41, 601.66, 537.74, 575.78, 469.92, 566.42, 672.68, 699.52, 673.87, 0.0, 45.79, 2.83, 109.04
754.52, 747.33, 505.12, 699.09, 62.27, 773.87, 710.02, 715.69, 713.56, 557.83, 493.0, 532.25, 425.92, 582.68, 694.32, 718.03, 693.35, 45.79, 0.0, 46.53, 69.29
800.44, 735.98, 550.07, 681.65, 54.57, 761.6, 701.53, 708.64, 703.93, 603.07, 538.95, 577.23, 471.28, 568.82, 674.85, 701.82, 676.14, 2.83, 46.53, 0.0, 108.6
713.06, 806.55, 471.15, 762.59, 85.09, 833.73, 767.07, 771.53, 771.53, 521.85, 452.66, 497.83, 390.38, 644.19, 759.01, 780.73, 756.72, 109.04, 69.29, 108.6, 0.0
% DistancesWithCharging 
0.0, 1118.42, 257.77, 1147.5, 797.16, 1178.4399999999998, 1118.77, 1123.3, 1118.5900000000001, 257.82, 316.11, 258.6, 411.91999999999996, 1155.55, 1197.5500000000002, 1176.86, 1147.58, 856.22, 816.79, 855.0100000000001, 798.15
1118.42, 0.0, 903.6, 111.02, 790.52, 60.72, 116.02, 149.04, 85.9, 1000.7, 994.1600000000001, 948.0600000000001, 956.09, 295.69, 176.73000000000002, 113.31, 116.85, 790.52, 809.6, 790.5500000000001, 891.64
257.77, 903.6, 0.0, 918.68, 552.68, 964.24, 905.51, 913.23, 903.6600000000001, 109.18, 109.18, 54.4, 162.04, 922.3199999999999, 965.4499999999999, 951.31, 918.6800000000001, 605.63, 567.39, 604.6400000000001, 556.24
1147.5, 111.02, 918.68, 0.0, 735.97, 145.48000000000002, 198.70999999999998, 238.20999999999998, 167.10000000000002, 1019.5, 1004.11, 965.5200000000001, 962.04, 251.38, 66.28, 55.6, 13.42, 736.41, 761.36, 736.22, 847.6800000000001
797.16, 790.52, 552.68, 735.97, 0.0, 846.52, 813.85, 837.28, 801.3100000000001, 658.7800000000001, 590.85, 606.7700000000001, 553.34, 749.0799999999999, 762.01, 784.06, 737.19, 114.02, 124.54, 109.14, 170.18
1148.08, 30.36, 933.88, 115.12, 816.16, 30.36, 145.32999999999998, 175.93, 116.11, 1030.87, 1024.51, 978.2800000000001, 986.4499999999999, 319.23, 178.48000000000002, 115.25999999999999, 122.72999999999999, 816.17, 836.14, 816.1700000000001, 918.82
1060.76, 58.01, 847.5, 140.7, 755.84, 117.67999999999999, 58.01, 97.53999999999999, 60.84, 944.07, 938.7900000000001, 891.62, 901.51, 276.31, 206.49, 149.8, 143.94, 755.99, 772.29, 756.1, 852.1600000000001
1048.78, 74.52, 838.71, 163.69, 762.76, 131.76999999999998, 81.03, 74.52, 82.97, 934.4200000000001, 931.0, 882.3000000000001, 894.73, 292.65, 229.51, 172.39000000000001, 166.96, 763.06, 777.96, 763.21, 856.62
1075.64, 42.95, 860.71, 124.15, 758.36, 103.52, 75.9, 114.53999999999999, 42.95, 957.75, 951.4300000000001, 905.13, 913.5799999999999, 271.72, 190.17000000000002, 132.36, 127.71, 758.42, 775.8299999999999, 758.5, 856.62
203.23, 946.11, 54.59, 964.91, 604.19, 1006.64, 947.49, 954.35, 946.11, 54.59, 131.79000000000002, 55.629999999999995, 213.01999999999998, 969.5799999999999, 1012.58, 996.68, 964.9300000000001, 658.67, 620.1, 657.6400000000001, 606.94
261.52, 939.57, 54.59, 949.52, 536.26, 1000.28, 942.21, 950.93, 939.7900000000001, 131.79000000000002, 54.59, 92.8, 155.35, 951.76, 994.8199999999999, 983.4499999999999, 949.5300000000001, 594.75, 555.27, 593.5200000000001, 537.75
231.4, 920.86, 27.2, 938.32, 579.57, 981.44, 922.43, 929.62, 920.88, 83.02000000000001, 120.19, 27.2, 188.49, 942.6300000000001, 985.6899999999999, 970.39, 938.33, 632.79, 594.52, 631.8000000000001, 582.92
330.9, 875.07, 81.02, 881.02, 472.32, 935.79, 878.5, 888.23, 875.51, 186.59, 128.92000000000002, 134.67, 81.02, 882.55, 925.38, 915.8199999999999, 881.02, 526.9300000000001, 488.19, 525.85, 475.47
1029.86, 170.0, 796.63, 125.69, 623.39, 223.89999999999998, 208.63, 241.48000000000002, 188.98000000000002, 898.48, 880.6600000000001, 844.1400000000001, 837.88, 125.69, 168.82999999999998, 166.32000000000002, 125.80999999999999, 623.43, 644.9499999999999, 623.3900000000001, 729.2800000000001
1164.41, 143.59, 932.31, 33.14, 728.87, 175.7, 231.35999999999999, 270.89, 199.98000000000002, 1034.03, 1016.27, 979.75, 973.26, 261.38, 33.14, 86.32000000000001, 42.83, 729.6899999999999, 756.59, 729.4200000000001, 844.1
1149.06, 85.51, 923.51, 27.8, 756.26, 117.82, 180.01, 219.11, 147.51, 1023.47, 1010.24, 969.7900000000001, 969.04, 264.21000000000004, 91.66, 27.8, 36.54, 756.53, 780.3, 756.3900000000001, 865.82
1140.87, 110.14, 911.97, 6.71, 730.48, 146.38, 195.23999999999998, 234.76999999999998, 163.95, 1012.8100000000001, 997.4100000000001, 958.82, 955.3299999999999, 244.79, 69.25999999999999, 57.629999999999995, 6.71, 730.88, 755.62, 730.71, 841.8100000000001
799.21, 733.51, 548.62, 679.4, 57.01, 789.52, 756.99, 780.5699999999999, 744.36, 656.25, 592.33, 602.98, 550.94, 692.1099999999999, 705.8199999999999, 727.3199999999999, 680.58, 57.01, 108.06, 57.4, 194.13
754.52, 747.33, 505.12, 699.09, 62.27, 804.23, 768.03, 790.21, 756.51, 612.4200000000001, 547.59, 559.45, 506.94, 708.3699999999999, 727.46, 745.8299999999999, 700.0600000000001, 102.8, 62.27, 101.1, 154.38
800.44, 735.98, 550.07, 681.65, 54.57, 791.96, 759.54, 783.16, 746.88, 657.6600000000001, 593.5400000000001, 604.4300000000001, 552.3, 694.51, 707.99, 729.62, 682.85, 59.839999999999996, 108.80000000000001, 54.57, 193.69
713.06, 806.55, 471.15, 762.59, 85.09, 864.09, 825.08, 846.05, 814.48, 576.44, 507.25, 525.03, 471.4, 769.8800000000001, 792.15, 808.53, 763.4300000000001, 166.05, 131.56, 163.17, 85.09
