% number of locations
21
% for each location: node, x, y
0, 0, 0
1, 925, 517
2, 863, 540
3, 914, 771
4, 488, 428
5, 904, 509
6, 878, 443
7, 872, 505
8, 914, 530
9, 854, 532
10, 872, 472
11, 827, 524
12, 861, 571
13, 890, 770
14, 911, 841
15, 895, 807
16, 937, 775
17, 489, 387
18, 505, 496
19, 456, 344
20, 442, 436
% number of vessels
4
% number of vessel types
3
% for each vesseltype: vessel_id, battery range, operational cost, speed, passenger capacity, fixed cost
1, 2000, 1, 20, 10, 5000 
2, 3000, 2, 22, 15, 10000 
3, 4500, 3.5, 25, 25, 17000 
% number of charging stations
4
% for each charging station: node, x, y
1, 925, 517
2, 863, 540
3, 914, 771
4, 488, 428
% number of jobs
16
% for each job: node, crew needed
5, 3
6, 6
7, 6
8, 7
9, 8
10, 5
11, 6
12, 6
13, 4
14, 6
15, 2
16, 4
17, 7
18, 1
19, 5
20, 6
% number of nodes
32
% for each node: node, binary
5, 0
5, 1
6, 0
6, 1
7, 0
7, 1
8, 0
8, 1
9, 0
9, 1
10, 0
10, 1
11, 0
11, 1
12, 0
12, 1
13, 0
13, 1
14, 0
14, 1
15, 0
15, 1
16, 0
16, 1
17, 0
17, 1
18, 0
18, 1
19, 0
19, 1
20, 0
20, 1
% costs
% fixed penalty
2000
% penalty per crew
750
% preprocessing
% PreferredCS 
(0, 0), (0, 0), (0, 0), (0, 0), (0, 0), (0, 0), (0, 0), (0, 0), (0, 0), (0, 0), (0, 0), (0, 0), (0, 0), (0, 0), (0, 0), (0, 0), (0, 0), (0, 0), (0, 0), (0, 0), (0, 0)
(1, 0), (1, 0), (1, 0), (1, 0), (1, 0), (1, 0), (1, 0), (1, 0), (1, 0), (1, 0), (1, 0), (1, 0), (1, 0), (1, 0), (1, 0), (1, 0), (1, 0), (1, 0), (1, 0), (1, 0), (1, 0)
(2, 0), (2, 0), (2, 0), (2, 0), (2, 0), (2, 0), (2, 0), (2, 0), (2, 0), (2, 0), (2, 0), (2, 0), (2, 0), (2, 0), (2, 0), (2, 0), (2, 0), (2, 0), (2, 0), (2, 0), (2, 0)
(3, 0), (3, 0), (3, 0), (3, 0), (3, 0), (3, 0), (3, 0), (3, 0), (3, 0), (3, 0), (3, 0), (3, 0), (3, 0), (3, 0), (3, 0), (3, 0), (3, 0), (3, 0), (3, 0), (3, 0), (3, 0)
(4, 0), (4, 0), (4, 0), (4, 0), (4, 0), (4, 0), (4, 0), (4, 0), (4, 0), (4, 0), (4, 0), (4, 0), (4, 0), (4, 0), (4, 0), (4, 0), (4, 0), (4, 0), (4, 0), (4, 0), (4, 0)
(2, 51.4), (1, 22.47), (2, 51.4), (3, 262.19), (4, 423.81), (1, 22.47), (1, 22.47), (1, 22.47), (1, 22.47), (2, 51.4), (1, 22.47), (2, 51.4), (2, 51.4), (1, 22.47), (3, 262.19), (3, 262.19), (1, 22.47), (2, 51.4), (2, 51.4), (2, 51.4), (4, 423.81)
(4, 390.29), (1, 87.66), (2, 98.15), (3, 329.97), (4, 390.29), (1, 87.66), (1, 87.66), (2, 98.15), (1, 87.66), (2, 98.15), (1, 87.66), (2, 98.15), (2, 98.15), (2, 98.15), (3, 329.97), (2, 98.15), (2, 98.15), (4, 390.29), (2, 98.15), (4, 390.29), (4, 390.29)
(4, 391.64), (1, 54.34), (2, 36.14), (3, 269.3), (4, 391.64), (1, 54.34), (2, 36.14), (2, 36.14), (1, 54.34), (2, 36.14), (2, 36.14), (2, 36.14), (2, 36.14), (2, 36.14), (3, 269.3), (2, 36.14), (2, 36.14), (4, 391.64), (2, 36.14), (4, 391.64), (4, 391.64)
(2, 51.97), (1, 17.03), (2, 51.97), (3, 241.0), (4, 438.04), (1, 17.03), (1, 17.03), (1, 17.03), (1, 17.03), (2, 51.97), (1, 17.03), (2, 51.97), (2, 51.97), (3, 241.0), (3, 241.0), (3, 241.0), (3, 241.0), (2, 51.97), (2, 51.97), (2, 51.97), (4, 438.04)
(4, 380.49), (1, 72.57), (2, 12.04), (3, 246.42), (4, 380.49), (2, 12.04), (2, 12.04), (2, 12.04), (2, 12.04), (2, 12.04), (2, 12.04), (2, 12.04), (2, 12.04), (2, 12.04), (3, 246.42), (2, 12.04), (2, 12.04), (2, 12.04), (2, 12.04), (2, 12.04), (4, 380.49)
(4, 386.51), (1, 69.53), (2, 68.59), (3, 301.94), (4, 386.51), (1, 69.53), (1, 69.53), (2, 68.59), (1, 69.53), (2, 68.59), (2, 68.59), (2, 68.59), (2, 68.59), (2, 68.59), (3, 301.94), (2, 68.59), (2, 68.59), (4, 386.51), (2, 68.59), (4, 386.51), (4, 386.51)
(4, 352.33), (1, 98.25), (2, 39.4), (3, 261.87), (4, 352.33), (2, 39.4), (2, 39.4), (2, 39.4), (2, 39.4), (2, 39.4), (2, 39.4), (2, 39.4), (2, 39.4), (2, 39.4), (3, 261.87), (3, 261.87), (3, 261.87), (4, 352.33), (2, 39.4), (4, 352.33), (4, 352.33)
(4, 399.47), (1, 83.74), (2, 31.06), (3, 206.9), (4, 399.47), (2, 31.06), (2, 31.06), (2, 31.06), (2, 31.06), (2, 31.06), (2, 31.06), (2, 31.06), (2, 31.06), (3, 206.9), (3, 206.9), (3, 206.9), (3, 206.9), (2, 31.06), (2, 31.06), (2, 31.06), (4, 399.47)
(4, 527.8), (1, 255.41), (2, 231.58), (3, 24.02), (4, 527.8), (1, 255.41), (2, 231.58), (2, 231.58), (3, 24.02), (2, 231.58), (2, 231.58), (2, 231.58), (3, 24.02), (3, 24.02), (3, 24.02), (3, 24.02), (3, 24.02), (4, 527.8), (3, 24.02), (4, 527.8), (4, 527.8)
(4, 591.18), (1, 324.3), (2, 304.8), (3, 70.06), (4, 591.18), (3, 70.06), (3, 70.06), (3, 70.06), (3, 70.06), (3, 70.06), (3, 70.06), (3, 70.06), (3, 70.06), (3, 70.06), (3, 70.06), (3, 70.06), (3, 70.06), (4, 591.18), (3, 70.06), (4, 591.18), (4, 591.18)
(4, 556.14), (1, 291.55), (2, 268.91), (3, 40.71), (4, 556.14), (3, 40.71), (2, 268.91), (2, 268.91), (3, 40.71), (2, 268.91), (2, 268.91), (3, 40.71), (3, 40.71), (3, 40.71), (3, 40.71), (3, 40.71), (3, 40.71), (4, 556.14), (3, 40.71), (4, 556.14), (4, 556.14)
(4, 567.46), (1, 258.28), (2, 246.38), (3, 23.35), (4, 567.46), (1, 258.28), (2, 246.38), (2, 246.38), (3, 23.35), (2, 246.38), (2, 246.38), (3, 23.35), (3, 23.35), (3, 23.35), (3, 23.35), (3, 23.35), (3, 23.35), (3, 23.35), (3, 23.35), (3, 23.35), (3, 23.35)
(4, 41.01), (1, 454.97), (2, 404.09), (3, 572.78), (4, 41.01), (2, 404.09), (4, 41.01), (4, 41.01), (2, 404.09), (2, 404.09), (4, 41.01), (4, 41.01), (2, 404.09), (4, 41.01), (4, 41.01), (4, 41.01), (3, 572.78), (4, 41.01), (4, 41.01), (4, 41.01), (4, 41.01)
(4, 70.09), (1, 420.52), (2, 360.69), (3, 492.85), (4, 70.09), (2, 360.69), (2, 360.69), (2, 360.69), (2, 360.69), (2, 360.69), (2, 360.69), (2, 360.69), (2, 360.69), (3, 492.85), (3, 492.85), (3, 492.85), (3, 492.85), (4, 70.09), (4, 70.09), (4, 70.09), (4, 70.09)
(4, 89.89), (1, 499.89), (2, 451.74), (3, 626.17), (4, 89.89), (2, 451.74), (4, 89.89), (4, 89.89), (2, 451.74), (2, 451.74), (4, 89.89), (4, 89.89), (2, 451.74), (4, 89.89), (4, 89.89), (4, 89.89), (3, 626.17), (4, 89.89), (4, 89.89), (4, 89.89), (4, 89.89)
(4, 46.69), (1, 489.74), (2, 433.66), (3, 578.8), (4, 46.69), (4, 46.69), (4, 46.69), (4, 46.69), (4, 46.69), (4, 46.69), (4, 46.69), (4, 46.69), (4, 46.69), (4, 46.69), (4, 46.69), (4, 46.69), (3, 578.8), (4, 46.69), (4, 46.69), (4, 46.69), (4, 46.69)
% Distances 
0.0, 1059.68, 1018.02, 1195.76, 649.1, 1037.45, 983.43, 1007.68, 1056.55, 1006.15, 991.55, 979.03, 1033.13, 1176.86, 1239.84, 1205.1, 1215.97, 623.61, 707.84, 571.2, 620.85
1059.68, 0.0, 66.13, 254.24, 445.97, 22.47, 87.66, 54.34, 17.03, 72.57, 69.53, 98.25, 83.74, 255.41, 324.3, 291.55, 258.28, 454.97, 420.52, 499.89, 489.74
1018.02, 66.13, 0.0, 236.56, 391.37, 51.4, 98.15, 36.14, 51.97, 12.04, 68.59, 39.4, 31.06, 231.58, 304.8, 268.91, 246.38, 404.09, 360.69, 451.74, 433.66
1195.76, 254.24, 236.56, 0.0, 546.92, 262.19, 329.97, 269.3, 241.0, 246.42, 301.94, 261.87, 206.9, 24.02, 70.06, 40.71, 23.35, 572.78, 492.85, 626.17, 578.8
649.1, 445.97, 391.37, 546.92, 0.0, 423.81, 390.29, 391.64, 438.04, 380.49, 386.51, 352.33, 399.47, 527.8, 591.18, 556.14, 567.46, 41.01, 70.09, 89.89, 46.69
1037.45, 22.47, 51.4, 262.19, 423.81, 0.0, 70.94, 32.25, 23.26, 55.04, 48.92, 78.45, 75.45, 261.38, 332.07, 298.14, 268.04, 432.56, 399.21, 477.42, 467.73
983.43, 87.66, 98.15, 329.97, 390.29, 70.94, 0.0, 62.29, 94.15, 92.18, 29.61, 95.72, 129.12, 327.22, 399.37, 364.4, 337.2, 393.01, 376.75, 433.46, 436.06
1007.68, 54.34, 36.14, 269.3, 391.64, 32.25, 62.29, 0.0, 48.88, 32.45, 33.0, 48.85, 66.91, 265.61, 338.26, 302.87, 277.71, 400.77, 367.11, 446.07, 435.5
1056.55, 17.03, 51.97, 241.0, 438.04, 23.26, 94.15, 48.88, 0.0, 60.03, 71.61, 87.21, 67.01, 241.2, 311.01, 277.65, 246.08, 448.41, 410.41, 494.33, 481.27
1006.15, 72.57, 12.04, 246.42, 380.49, 55.04, 92.18, 32.45, 60.03, 0.0, 62.64, 28.16, 39.62, 240.71, 314.21, 278.04, 256.78, 392.75, 350.85, 440.17, 423.04
991.55, 69.53, 68.59, 301.94, 386.51, 48.92, 29.61, 33.0, 71.61, 62.64, 0.0, 68.77, 99.61, 298.54, 371.06, 335.79, 309.89, 392.32, 367.78, 435.25, 431.5
979.03, 98.25, 39.4, 261.87, 352.33, 78.45, 95.72, 48.85, 87.21, 28.16, 68.77, 0.0, 58.01, 253.94, 327.94, 291.05, 274.05, 364.71, 323.22, 412.36, 394.93
1033.13, 83.74, 31.06, 206.9, 399.47, 75.45, 129.12, 66.91, 67.01, 39.62, 99.61, 58.01, 0.0, 201.1, 274.59, 238.44, 217.7, 415.02, 363.81, 464.28, 440.21
1176.86, 255.41, 231.58, 24.02, 527.8, 261.38, 327.22, 265.61, 241.2, 240.71, 298.54, 253.94, 201.1, 0.0, 74.04, 37.34, 47.27, 554.52, 472.55, 608.14, 558.8
1239.84, 324.3, 304.8, 70.06, 591.18, 332.07, 399.37, 338.26, 311.01, 314.21, 371.06, 327.94, 274.59, 74.04, 0.0, 37.58, 70.94, 619.84, 532.79, 673.82, 619.67
1205.1, 291.55, 268.91, 40.71, 556.14, 298.14, 364.4, 302.87, 277.65, 278.04, 335.79, 291.05, 238.44, 37.34, 37.58, 0.0, 52.8, 584.15, 498.82, 638.04, 585.53
1215.97, 258.28, 246.38, 23.35, 567.46, 268.04, 337.2, 277.71, 246.08, 256.78, 309.89, 274.05, 217.7, 47.27, 70.94, 52.8, 0.0, 592.66, 514.26, 645.85, 599.95
623.61, 454.97, 404.09, 572.78, 41.01, 432.56, 393.01, 400.77, 448.41, 392.75, 392.32, 364.71, 415.02, 554.52, 619.84, 584.15, 592.66, 0.0, 110.17, 54.2, 67.9
707.84, 420.52, 360.69, 492.85, 70.09, 399.21, 376.75, 367.11, 410.41, 350.85, 367.78, 323.22, 363.81, 472.55, 532.79, 498.82, 514.26, 110.17, 0.0, 159.7, 87.0
571.2, 499.89, 451.74, 626.17, 89.89, 477.42, 433.46, 446.07, 494.33, 440.17, 435.25, 412.36, 464.28, 608.14, 673.82, 638.04, 645.85, 54.2, 159.7, 0.0, 93.06
620.85, 489.74, 433.66, 578.8, 46.69, 467.73, 436.06, 435.5, 481.27, 423.04, 431.5, 394.93, 440.21, 558.8, 619.67, 585.53, 599.95, 67.9, 87.0, 93.06, 0.0
% DistancesWithCharging 
0.0, 1059.68, 1018.02, 1195.76, 649.1, 1059.92, 1071.09, 1043.82, 1073.58, 1018.1899999999999, 1060.1399999999999, 1018.43, 1064.19, 1200.8799999999999, 1309.8999999999999, 1245.81, 1239.32, 664.62, 777.9300000000001, 661.09, 667.54
1059.68, 0.0, 66.13, 254.24, 445.97, 44.94, 175.32, 90.48, 34.06, 84.60999999999999, 138.12, 137.65, 114.8, 279.43, 394.36, 332.26, 281.63, 495.98, 490.61, 589.78, 536.4300000000001
1018.02, 66.13, 0.0, 236.56, 391.37, 73.87, 185.81, 72.28, 69.0, 24.08, 137.18, 78.8, 62.12, 255.60000000000002, 374.86, 309.62, 269.73, 445.09999999999997, 430.78, 541.63, 480.35
1195.76, 254.24, 236.56, 0.0, 546.92, 284.65999999999997, 417.63, 305.44, 258.03, 258.46, 370.53, 301.27, 237.96, 48.04, 140.12, 81.42, 46.7, 613.79, 562.94, 716.06, 625.49
649.1, 445.97, 391.37, 546.92, 0.0, 446.28, 477.95000000000005, 427.78, 455.07000000000005, 392.53000000000003, 455.1, 391.72999999999996, 430.53000000000003, 551.8199999999999, 661.24, 596.85, 590.8100000000001, 82.02, 140.18, 179.78, 93.38
1037.45, 22.47, 51.4, 262.19, 423.81, 22.47, 158.6, 68.39, 40.290000000000006, 67.08, 117.51, 117.85, 106.51, 285.4, 402.13, 338.84999999999997, 291.39000000000004, 473.57, 469.29999999999995, 567.3100000000001, 514.4200000000001
983.43, 87.66, 98.15, 329.97, 390.29, 93.41, 87.66, 98.43, 111.18, 104.22, 98.2, 135.12, 160.18, 351.24, 469.43, 405.10999999999996, 360.55, 434.02, 446.84000000000003, 523.35, 482.75
1007.68, 54.34, 36.14, 269.3, 391.64, 54.72, 149.95, 36.14, 65.91, 44.49, 101.59, 88.25, 97.97, 289.63, 408.32, 343.58, 301.06, 441.78, 437.20000000000005, 535.96, 482.19
1056.55, 17.03, 51.97, 241.0, 438.04, 45.730000000000004, 181.81, 85.02000000000001, 17.03, 72.07, 140.2, 126.60999999999999, 98.07000000000001, 265.21999999999997, 381.07, 318.35999999999996, 269.43, 489.42, 480.5, 584.22, 527.96
1006.15, 72.57, 12.04, 246.42, 380.49, 77.50999999999999, 179.84, 68.59, 77.06, 12.04, 131.23000000000002, 67.56, 70.67999999999999, 264.73, 384.27, 318.75, 280.13, 433.76, 420.94000000000005, 530.0600000000001, 469.73
991.55, 69.53, 68.59, 301.94, 386.51, 71.39, 117.27, 69.14, 88.64, 74.68, 68.59, 108.16999999999999, 130.67, 322.56, 441.12, 376.5, 333.24, 433.33, 437.87, 525.14, 478.19
979.03, 98.25, 39.4, 261.87, 352.33, 100.92, 183.38, 84.99000000000001, 104.24, 40.2, 137.36, 39.4, 89.07, 277.96, 398.0, 331.76, 297.40000000000003, 405.71999999999997, 393.31000000000006, 502.25, 441.62
1033.13, 83.74, 31.06, 206.9, 399.47, 97.92, 216.78, 103.05, 84.04, 51.66, 168.2, 97.41, 31.06, 225.12, 344.65, 279.15, 241.04999999999998, 456.03, 433.9, 554.17, 486.9
1176.86, 255.41, 231.58, 24.02, 527.8, 283.85, 414.88, 301.75, 258.23, 252.75, 367.13, 293.34, 232.16, 24.02, 144.10000000000002, 78.05000000000001, 70.62, 595.53, 542.64, 698.03, 605.49
1239.84, 324.3, 304.8, 70.06, 591.18, 354.53999999999996, 487.03, 374.4, 328.03999999999996, 326.25, 439.65, 367.34, 305.65, 98.06, 70.06, 78.28999999999999, 94.28999999999999, 660.85, 602.88, 763.71, 666.3599999999999
1205.1, 291.55, 268.91, 40.71, 556.14, 320.61, 452.05999999999995, 339.01, 294.67999999999995, 290.08000000000004, 404.38, 330.45, 269.5, 61.36, 107.64, 40.71, 76.15, 625.16, 568.91, 727.93, 632.22
1215.97, 258.28, 246.38, 23.35, 567.46, 290.51, 424.86, 313.84999999999997, 263.11, 268.82, 378.48, 313.45, 248.76, 71.29, 141.0, 93.50999999999999, 23.35, 633.67, 584.35, 735.74, 646.6400000000001
623.61, 454.97, 404.09, 572.78, 41.01, 455.03, 480.66999999999996, 436.90999999999997, 465.44000000000005, 404.79, 460.90999999999997, 404.10999999999996, 446.08, 578.54, 689.9000000000001, 624.86, 616.01, 41.01, 180.26, 144.09, 114.59
707.84, 420.52, 360.69, 492.85, 70.09, 421.67999999999995, 464.40999999999997, 403.25, 427.44000000000005, 362.89000000000004, 436.37, 362.62, 394.87, 496.57, 602.8499999999999, 539.53, 537.61, 151.18, 70.09, 249.58999999999997, 133.69
571.2, 499.89, 451.74, 626.17, 89.89, 499.89, 521.12, 482.21, 511.36, 452.21000000000004, 503.84000000000003, 451.76, 495.34, 632.16, 743.8800000000001, 678.75, 669.2, 95.21000000000001, 229.79, 89.89, 139.75
620.85, 489.74, 433.66, 578.8, 46.69, 490.20000000000005, 523.72, 471.64, 498.29999999999995, 435.08000000000004, 500.09000000000003, 434.33, 471.27, 582.8199999999999, 689.73, 626.24, 623.3000000000001, 108.91, 157.09, 182.95, 46.69
