% number of locations
21
% for each location: node, x, y
0, 0, 0
1, 430, 759
2, 806, 275
3, 571, 74
4, 762, 357
5, 436, 758
6, 434, 758
7, 417, 718
8, 472, 721
9, 798, 194
10, 812, 289
11, 766, 228
12, 818, 257
13, 564, 75
14, 525, 137
15, 505, 42
16, 535, 109
17, 752, 356
18, 768, 373
19, 677, 376
20, 753, 220
% number of vessels
4
% number of vessel types
3
% for each vesseltype: vessel_id, battery range, operational cost, speed, passenger capacity, fixed cost
1, 1500, 3, 20, 12, 15000 
2, 2000, 6, 22, 17, 17500 
3, 2750, 11, 25, 25, 22500 
% number of charging stations
4
% for each charging station: node, x, y
1, 430, 759
2, 806, 275
3, 571, 74
4, 762, 357
% number of jobs
16
% for each job: node, crew needed
5, 3
6, 5
7, 3
8, 5
9, 3
10, 9
11, 7
12, 7
13, 3
14, 6
15, 8
16, 6
17, 5
18, 8
19, 9
20, 1
% number of nodes
32
% for each node: node, binary
5, 0
5, 1
6, 0
6, 1
7, 0
7, 1
8, 0
8, 1
9, 0
9, 1
10, 0
10, 1
11, 0
11, 1
12, 0
12, 1
13, 0
13, 1
14, 0
14, 1
15, 0
15, 1
16, 0
16, 1
17, 0
17, 1
18, 0
18, 1
19, 0
19, 1
20, 0
20, 1
% costs
% fixed penalty
5000
% penalty per crew
1000
% preprocessing
% PreferredCS 
(0, 0), (0, 0), (0, 0), (0, 0), (0, 0), (0, 0), (0, 0), (0, 0), (0, 0), (0, 0), (0, 0), (0, 0), (0, 0), (0, 0), (0, 0), (0, 0), (0, 0), (0, 0), (0, 0), (0, 0), (0, 0)
(1, 0), (1, 0), (1, 0), (1, 0), (1, 0), (1, 0), (1, 0), (1, 0), (1, 0), (1, 0), (1, 0), (1, 0), (1, 0), (1, 0), (1, 0), (1, 0), (1, 0), (1, 0), (1, 0), (1, 0), (1, 0)
(2, 0), (2, 0), (2, 0), (2, 0), (2, 0), (2, 0), (2, 0), (2, 0), (2, 0), (2, 0), (2, 0), (2, 0), (2, 0), (2, 0), (2, 0), (2, 0), (2, 0), (2, 0), (2, 0), (2, 0), (2, 0)
(3, 0), (3, 0), (3, 0), (3, 0), (3, 0), (3, 0), (3, 0), (3, 0), (3, 0), (3, 0), (3, 0), (3, 0), (3, 0), (3, 0), (3, 0), (3, 0), (3, 0), (3, 0), (3, 0), (3, 0), (3, 0)
(4, 0), (4, 0), (4, 0), (4, 0), (4, 0), (4, 0), (4, 0), (4, 0), (4, 0), (4, 0), (4, 0), (4, 0), (4, 0), (4, 0), (4, 0), (4, 0), (4, 0), (4, 0), (4, 0), (4, 0), (4, 0)
(1, 6.08), (1, 6.08), (2, 608.43), (3, 697.2), (4, 516.79), (1, 6.08), (1, 6.08), (1, 6.08), (1, 6.08), (1, 6.08), (4, 516.79), (1, 6.08), (2, 608.43), (1, 6.08), (1, 6.08), (1, 6.08), (1, 6.08), (1, 6.08), (1, 6.08), (1, 6.08), (1, 6.08)
(1, 4.12), (1, 4.12), (2, 609.65), (3, 697.59), (4, 518.06), (1, 4.12), (1, 4.12), (1, 4.12), (1, 4.12), (1, 4.12), (4, 518.06), (1, 4.12), (2, 609.65), (1, 4.12), (1, 4.12), (1, 4.12), (1, 4.12), (1, 4.12), (1, 4.12), (1, 4.12), (1, 4.12)
(1, 43.01), (1, 43.01), (2, 589.55), (3, 662.16), (4, 499.35), (1, 43.01), (1, 43.01), (1, 43.01), (1, 43.01), (4, 499.35), (4, 499.35), (4, 499.35), (2, 589.55), (3, 662.16), (1, 43.01), (3, 662.16), (1, 43.01), (4, 499.35), (4, 499.35), (1, 43.01), (4, 499.35)
(1, 56.64), (1, 56.64), (2, 557.2), (3, 654.53), (4, 465.4), (1, 56.64), (1, 56.64), (1, 56.64), (1, 56.64), (4, 465.4), (4, 465.4), (4, 465.4), (2, 557.2), (3, 654.53), (1, 56.64), (3, 654.53), (3, 654.53), (4, 465.4), (4, 465.4), (1, 56.64), (4, 465.4)
(3, 256.77), (1, 674.28), (2, 81.39), (3, 256.77), (4, 166.93), (1, 674.28), (1, 674.28), (4, 166.93), (4, 166.93), (2, 81.39), (2, 81.39), (2, 81.39), (2, 81.39), (3, 256.77), (3, 256.77), (3, 256.77), (3, 256.77), (4, 166.93), (4, 166.93), (2, 81.39), (2, 81.39)
(2, 15.23), (1, 605.66), (2, 15.23), (3, 322.96), (4, 84.4), (4, 84.4), (4, 84.4), (4, 84.4), (4, 84.4), (2, 15.23), (2, 15.23), (2, 15.23), (2, 15.23), (2, 15.23), (2, 15.23), (2, 15.23), (2, 15.23), (4, 84.4), (4, 84.4), (4, 84.4), (2, 15.23)
(3, 248.48), (1, 628.38), (2, 61.72), (3, 248.48), (4, 129.06), (1, 628.38), (1, 628.38), (4, 129.06), (4, 129.06), (2, 61.72), (2, 61.72), (2, 61.72), (2, 61.72), (3, 248.48), (3, 248.48), (3, 248.48), (3, 248.48), (4, 129.06), (4, 129.06), (4, 129.06), (2, 61.72)
(2, 21.63), (1, 634.47), (2, 21.63), (3, 307.41), (4, 114.61), (2, 21.63), (2, 21.63), (2, 21.63), (2, 21.63), (2, 21.63), (2, 21.63), (2, 21.63), (2, 21.63), (3, 307.41), (2, 21.63), (3, 307.41), (2, 21.63), (2, 21.63), (2, 21.63), (2, 21.63), (2, 21.63)
(3, 7.07), (1, 697.0), (2, 313.95), (3, 7.07), (4, 344.57), (1, 697.0), (1, 697.0), (3, 7.07), (3, 7.07), (3, 7.07), (2, 313.95), (3, 7.07), (3, 7.07), (3, 7.07), (3, 7.07), (3, 7.07), (3, 7.07), (3, 7.07), (4, 344.57), (3, 7.07), (3, 7.07)
(3, 78.01), (1, 629.21), (2, 313.06), (3, 78.01), (4, 323.37), (1, 629.21), (1, 629.21), (1, 629.21), (1, 629.21), (3, 78.01), (2, 313.06), (3, 78.01), (2, 313.06), (3, 78.01), (3, 78.01), (3, 78.01), (3, 78.01), (4, 323.37), (4, 323.37), (3, 78.01), (3, 78.01)
(3, 73.35), (1, 720.91), (2, 380.64), (3, 73.35), (4, 406.54), (1, 720.91), (1, 720.91), (3, 73.35), (3, 73.35), (3, 73.35), (2, 380.64), (3, 73.35), (3, 73.35), (3, 73.35), (3, 73.35), (3, 73.35), (3, 73.35), (3, 73.35), (4, 406.54), (3, 73.35), (3, 73.35)
(3, 50.21), (1, 658.43), (2, 317.8), (3, 50.21), (4, 336.2), (1, 658.43), (1, 658.43), (1, 658.43), (3, 50.21), (3, 50.21), (2, 317.8), (3, 50.21), (2, 317.8), (3, 50.21), (3, 50.21), (3, 50.21), (3, 50.21), (4, 336.2), (4, 336.2), (3, 50.21), (3, 50.21)
(4, 10.05), (1, 515.84), (2, 97.35), (3, 335.09), (4, 10.05), (1, 515.84), (1, 515.84), (4, 10.05), (4, 10.05), (4, 10.05), (4, 10.05), (4, 10.05), (2, 97.35), (3, 335.09), (4, 10.05), (3, 335.09), (4, 10.05), (4, 10.05), (4, 10.05), (4, 10.05), (4, 10.05)
(4, 17.09), (1, 513.07), (2, 105.11), (3, 358.06), (4, 17.09), (1, 513.07), (1, 513.07), (4, 17.09), (4, 17.09), (4, 17.09), (4, 17.09), (4, 17.09), (2, 105.11), (4, 17.09), (4, 17.09), (4, 17.09), (4, 17.09), (4, 17.09), (4, 17.09), (4, 17.09), (4, 17.09)
(3, 320.06), (1, 455.74), (2, 163.84), (3, 320.06), (4, 87.1), (1, 455.74), (1, 455.74), (1, 455.74), (1, 455.74), (2, 163.84), (4, 87.1), (4, 87.1), (2, 163.84), (3, 320.06), (3, 320.06), (3, 320.06), (3, 320.06), (4, 87.1), (4, 87.1), (4, 87.1), (4, 87.1)
(3, 233.32), (1, 628.37), (2, 76.38), (3, 233.32), (4, 137.3), (1, 628.37), (1, 628.37), (4, 137.3), (4, 137.3), (2, 76.38), (2, 76.38), (2, 76.38), (2, 76.38), (3, 233.32), (3, 233.32), (3, 233.32), (3, 233.32), (4, 137.3), (4, 137.3), (4, 137.3), (2, 76.38)
% Distances 
0.0, 872.34, 851.62, 575.78, 841.48, 874.45, 873.45, 830.31, 861.76, 821.24, 861.9, 799.21, 857.42, 568.96, 542.58, 506.74, 545.99, 832.01, 853.79, 774.41, 784.48
872.34, 0.0, 612.89, 699.36, 521.37, 6.08, 4.12, 43.01, 56.64, 674.28, 605.66, 628.38, 634.47, 697.0, 629.21, 720.91, 658.43, 515.84, 513.07, 455.74, 628.37
851.62, 612.89, 0.0, 309.23, 93.06, 608.43, 609.65, 589.55, 557.2, 81.39, 15.23, 61.72, 21.63, 313.95, 313.06, 380.64, 317.8, 97.35, 105.11, 163.84, 76.38
575.78, 699.36, 309.23, 0.0, 341.42, 697.2, 697.59, 662.16, 654.53, 256.77, 322.96, 248.48, 307.41, 7.07, 78.01, 73.35, 50.21, 335.09, 358.06, 320.06, 233.32
841.48, 521.37, 93.06, 341.42, 0.0, 516.79, 518.06, 499.35, 465.4, 166.93, 84.4, 129.06, 114.61, 344.57, 323.37, 406.54, 336.2, 10.05, 17.09, 87.1, 137.3
874.45, 6.08, 608.43, 697.2, 516.79, 0.0, 2.0, 44.28, 51.62, 670.18, 601.11, 624.34, 630.02, 694.89, 627.35, 719.32, 656.51, 511.33, 508.38, 451.67, 624.45
873.45, 4.12, 609.65, 697.59, 518.06, 2.0, 0.0, 43.46, 53.04, 671.26, 602.37, 625.4, 631.23, 695.26, 627.63, 719.51, 656.81, 512.57, 509.69, 452.74, 625.46
830.31, 43.01, 589.55, 662.16, 499.35, 44.28, 43.46, 0.0, 55.08, 647.87, 583.15, 601.58, 611.0, 659.59, 590.95, 681.7, 620.33, 493.22, 492.16, 429.61, 600.75
861.76, 56.64, 557.2, 654.53, 465.4, 51.62, 53.04, 55.08, 0.0, 619.68, 549.75, 574.01, 578.8, 652.52, 586.4, 679.8, 615.23, 460.03, 456.86, 401.31, 574.42
821.24, 674.28, 81.39, 256.77, 166.93, 670.18, 671.26, 647.87, 619.68, 0.0, 96.03, 46.69, 66.1, 262.52, 278.89, 330.08, 276.39, 168.4, 181.5, 218.55, 51.97
861.9, 605.66, 15.23, 322.96, 84.4, 601.11, 602.37, 583.15, 549.75, 96.03, 0.0, 76.4, 32.56, 327.57, 324.77, 394.03, 330.35, 89.94, 94.83, 160.61, 90.79
799.21, 628.38, 61.72, 248.48, 129.06, 624.34, 625.4, 601.58, 574.01, 46.69, 76.4, 0.0, 59.54, 253.4, 257.61, 320.49, 259.85, 128.76, 145.01, 172.7, 15.26
857.42, 634.47, 21.63, 307.41, 114.61, 630.02, 631.23, 611.0, 578.8, 66.1, 32.56, 59.54, 0.0, 312.47, 316.62, 379.73, 319.36, 118.98, 126.32, 184.5, 74.79
568.96, 697.0, 313.95, 7.07, 344.57, 694.89, 695.26, 659.59, 652.52, 262.52, 327.57, 253.4, 312.47, 0.0, 73.25, 67.6, 44.69, 338.09, 361.14, 321.51, 238.21
542.58, 629.21, 313.06, 78.01, 323.37, 627.35, 627.63, 590.95, 586.4, 278.89, 324.77, 257.61, 316.62, 73.25, 0.0, 97.08, 29.73, 315.42, 338.74, 283.24, 242.64
506.74, 720.91, 380.64, 73.35, 406.54, 719.32, 719.51, 681.7, 679.8, 330.08, 394.03, 320.49, 379.73, 67.6, 97.08, 0.0, 73.41, 399.51, 422.76, 375.69, 305.27
545.99, 658.43, 317.8, 50.21, 336.2, 656.51, 656.81, 620.33, 615.23, 276.39, 330.35, 259.85, 319.36, 44.69, 29.73, 73.41, 0.0, 328.78, 352.12, 302.41, 244.63
832.01, 515.84, 97.35, 335.09, 10.05, 511.33, 512.57, 493.22, 460.03, 168.4, 89.94, 128.76, 118.98, 338.09, 315.42, 399.51, 328.78, 0.0, 23.35, 77.62, 136.0
853.79, 513.07, 105.11, 358.06, 17.09, 508.38, 509.69, 492.16, 456.86, 181.5, 94.83, 145.01, 126.32, 361.14, 338.74, 422.76, 352.12, 23.35, 0.0, 91.05, 153.73
774.41, 455.74, 163.84, 320.06, 87.1, 451.67, 452.74, 429.61, 401.31, 218.55, 160.61, 172.7, 184.5, 321.51, 283.24, 375.69, 302.41, 77.62, 91.05, 0.0, 173.53
784.48, 628.37, 76.38, 233.32, 137.3, 624.45, 625.46, 600.75, 574.42, 51.97, 90.79, 15.26, 74.79, 238.21, 242.64, 305.27, 244.63, 136.0, 153.73, 173.53, 0.0
% DistancesWithCharging 
0.0, 872.34, 851.62, 575.78, 841.48, 880.5300000000001, 877.57, 873.3199999999999, 918.4, 902.63, 877.13, 860.9300000000001, 879.05, 576.0300000000001, 620.59, 580.09, 596.2, 842.06, 870.88, 861.51, 860.86
872.34, 0.0, 612.89, 699.36, 521.37, 12.16, 8.24, 86.02, 113.28, 755.67, 620.89, 690.1, 656.1, 704.07, 707.22, 794.26, 708.64, 525.89, 530.1600000000001, 542.84, 704.75
851.62, 612.89, 0.0, 309.23, 93.06, 614.51, 613.77, 632.56, 613.84, 162.78, 30.46, 123.44, 43.26, 321.02, 391.07, 453.99, 368.01, 107.39999999999999, 122.2, 250.94, 152.76
575.78, 699.36, 309.23, 0.0, 341.42, 703.2800000000001, 701.71, 705.17, 711.17, 338.15999999999997, 338.19, 310.2, 329.04, 14.14, 156.02, 146.7, 100.42, 345.14, 375.15, 407.15999999999997, 309.7
841.48, 521.37, 93.06, 341.42, 0.0, 522.87, 522.18, 542.36, 522.04, 248.32, 99.63000000000001, 190.78, 136.24, 351.64, 401.38, 479.89, 386.40999999999997, 20.1, 34.18, 174.2, 213.68
874.45, 6.08, 608.43, 697.2, 516.79, 6.08, 6.12, 87.28999999999999, 108.25999999999999, 751.5699999999999, 616.34, 686.0600000000001, 651.65, 701.96, 705.36, 792.6700000000001, 706.72, 521.38, 525.47, 538.77, 700.83
873.45, 4.12, 609.65, 697.59, 518.06, 8.08, 4.12, 86.47, 109.68, 752.65, 617.6, 687.12, 652.86, 702.33, 705.64, 792.86, 707.02, 522.62, 526.78, 539.84, 701.84
830.31, 43.01, 589.55, 662.16, 499.35, 50.36, 47.58, 43.01, 111.72, 729.26, 598.38, 663.3000000000001, 632.63, 666.6600000000001, 668.96, 755.0500000000001, 670.5400000000001, 503.27000000000004, 509.25, 516.71, 677.13
861.76, 56.64, 557.2, 654.53, 465.4, 57.699999999999996, 57.16, 98.09, 56.64, 701.0699999999999, 564.98, 635.73, 600.43, 659.59, 664.41, 753.15, 665.44, 470.08, 473.95, 488.40999999999997, 650.8
821.24, 674.28, 81.39, 256.77, 166.93, 676.26, 675.38, 690.88, 676.3199999999999, 81.39, 111.26, 108.41, 87.72999999999999, 269.59, 356.9, 403.42999999999995, 326.59999999999997, 178.45000000000002, 198.59, 305.65, 128.35
861.9, 605.66, 15.23, 322.96, 84.4, 607.19, 606.49, 626.16, 606.39, 177.42000000000002, 15.23, 138.12, 54.19, 334.64, 402.78, 467.38, 380.56, 99.99, 111.92, 247.71, 167.17000000000002
799.21, 628.38, 61.72, 248.48, 129.06, 630.4200000000001, 629.52, 644.59, 630.65, 128.07999999999998, 91.63000000000001, 61.72, 81.17, 260.47, 335.62, 393.84000000000003, 310.06, 138.81, 162.1, 259.79999999999995, 91.64
857.42, 634.47, 21.63, 307.41, 114.61, 636.1, 635.35, 654.01, 635.4399999999999, 147.49, 47.790000000000006, 121.25999999999999, 21.63, 319.54, 394.63, 453.08000000000004, 369.57, 129.03, 143.41, 271.6, 151.17000000000002
568.96, 697.0, 313.95, 7.07, 344.57, 700.97, 699.38, 702.6, 709.16, 343.90999999999997, 342.8, 315.12, 334.1, 7.07, 151.26, 140.95, 94.9, 348.14, 378.22999999999996, 408.61, 314.59000000000003
542.58, 629.21, 313.06, 78.01, 323.37, 633.4300000000001, 631.75, 633.96, 643.04, 360.28, 340.0, 319.33000000000004, 338.25, 80.32, 78.01, 170.43, 79.94, 325.47, 355.83, 370.34000000000003, 319.02
506.74, 720.91, 380.64, 73.35, 406.54, 725.4000000000001, 723.63, 724.71, 736.4399999999999, 411.46999999999997, 409.26, 382.21000000000004, 401.36, 74.66999999999999, 175.09, 73.35, 123.62, 409.56, 439.84999999999997, 462.78999999999996, 381.65
545.99, 658.43, 317.8, 50.21, 336.2, 662.59, 660.93, 663.34, 671.87, 357.78, 345.58000000000004, 321.57000000000005, 340.99, 51.76, 107.74000000000001, 146.76, 50.21, 338.83, 369.21, 389.51, 321.01
832.01, 515.84, 97.35, 335.09, 10.05, 517.41, 516.69, 536.23, 516.67, 249.79000000000002, 105.17, 190.48, 140.61, 345.15999999999997, 393.43, 472.86, 378.98999999999995, 10.05, 40.44, 164.72, 212.38
853.79, 513.07, 105.11, 358.06, 17.09, 514.46, 513.81, 535.1700000000001, 513.5, 262.89, 110.06, 206.73, 147.95, 368.21, 416.75, 496.11, 402.33, 33.400000000000006, 17.09, 178.14999999999998, 230.10999999999999
774.41, 455.74, 163.84, 320.06, 87.1, 457.75, 456.86, 472.62, 457.95, 299.94, 175.84, 234.42, 206.13, 328.58, 361.25, 449.03999999999996, 352.62, 87.67, 108.14, 87.1, 249.91
784.48, 628.37, 76.38, 233.32, 137.3, 630.5300000000001, 629.58, 643.76, 631.06, 133.36, 106.02000000000001, 76.98, 96.42, 245.28, 320.65, 378.62, 294.84, 146.05, 170.82, 260.63, 76.38
