% number of locations
21
% for each location: node, x, y
0, 0, 0
1, 751, 689
2, 966, 468
3, 264, 585
4, 725, 770
5, 776, 764
6, 723, 644
7, 755, 643
8, 820, 653
9, 968, 445
10, 986, 439
11, 964, 403
12, 989, 489
13, 204, 533
14, 257, 514
15, 331, 650
16, 198, 648
17, 653, 748
18, 777, 820
19, 833, 764
20, 732, 839
% number of vessels
4
% number of vessel types
3
% for each vesseltype: vessel_id, battery range, operational cost, speed, passenger capacity, fixed cost
1, 2000, 1, 20, 10, 5000 
2, 3000, 2, 22, 15, 10000 
3, 4500, 3.5, 25, 25, 17000 
% number of charging stations
4
% for each charging station: node, x, y
1, 751, 689
2, 966, 468
3, 264, 585
4, 725, 770
% number of jobs
16
% for each job: node, crew needed
5, 7
6, 4
7, 6
8, 3
9, 3
10, 7
11, 3
12, 2
13, 2
14, 5
15, 5
16, 5
17, 1
18, 3
19, 6
20, 7
% number of nodes
32
% for each node: node, binary
5, 0
5, 1
6, 0
6, 1
7, 0
7, 1
8, 0
8, 1
9, 0
9, 1
10, 0
10, 1
11, 0
11, 1
12, 0
12, 1
13, 0
13, 1
14, 0
14, 1
15, 0
15, 1
16, 0
16, 1
17, 0
17, 1
18, 0
18, 1
19, 0
19, 1
20, 0
20, 1
% costs
% fixed penalty
2000
% penalty per crew
750
% preprocessing
% PreferredCS 
(0, 0), (0, 0), (0, 0), (0, 0), (0, 0), (0, 0), (0, 0), (0, 0), (0, 0), (0, 0), (0, 0), (0, 0), (0, 0), (0, 0), (0, 0), (0, 0), (0, 0), (0, 0), (0, 0), (0, 0), (0, 0)
(1, 0), (1, 0), (1, 0), (1, 0), (1, 0), (1, 0), (1, 0), (1, 0), (1, 0), (1, 0), (1, 0), (1, 0), (1, 0), (1, 0), (1, 0), (1, 0), (1, 0), (1, 0), (1, 0), (1, 0), (1, 0)
(2, 0), (2, 0), (2, 0), (2, 0), (2, 0), (2, 0), (2, 0), (2, 0), (2, 0), (2, 0), (2, 0), (2, 0), (2, 0), (2, 0), (2, 0), (2, 0), (2, 0), (2, 0), (2, 0), (2, 0), (2, 0)
(3, 0), (3, 0), (3, 0), (3, 0), (3, 0), (3, 0), (3, 0), (3, 0), (3, 0), (3, 0), (3, 0), (3, 0), (3, 0), (3, 0), (3, 0), (3, 0), (3, 0), (3, 0), (3, 0), (3, 0), (3, 0)
(4, 0), (4, 0), (4, 0), (4, 0), (4, 0), (4, 0), (4, 0), (4, 0), (4, 0), (4, 0), (4, 0), (4, 0), (4, 0), (4, 0), (4, 0), (4, 0), (4, 0), (4, 0), (4, 0), (4, 0), (4, 0)
(3, 542.39), (1, 79.06), (2, 351.73), (3, 542.39), (4, 51.35), (4, 51.35), (3, 542.39), (2, 351.73), (2, 351.73), (2, 351.73), (2, 351.73), (2, 351.73), (2, 351.73), (3, 542.39), (3, 542.39), (3, 542.39), (3, 542.39), (3, 542.39), (4, 51.35), (2, 351.73), (3, 542.39)
(3, 462.78), (1, 53.0), (2, 300.04), (3, 462.78), (4, 126.02), (4, 126.02), (1, 53.0), (2, 300.04), (2, 300.04), (2, 300.04), (2, 300.04), (2, 300.04), (2, 300.04), (3, 462.78), (3, 462.78), (3, 462.78), (3, 462.78), (4, 126.02), (4, 126.02), (4, 126.02), (4, 126.02)
(3, 494.41), (1, 46.17), (2, 274.13), (3, 494.41), (4, 130.5), (4, 130.5), (3, 494.41), (1, 46.17), (2, 274.13), (2, 274.13), (2, 274.13), (2, 274.13), (2, 274.13), (3, 494.41), (3, 494.41), (3, 494.41), (3, 494.41), (3, 494.41), (4, 130.5), (4, 130.5), (4, 130.5)
(3, 560.14), (1, 77.83), (2, 235.67), (3, 560.14), (4, 150.71), (4, 150.71), (3, 560.14), (3, 560.14), (1, 77.83), (2, 235.67), (2, 235.67), (2, 235.67), (2, 235.67), (3, 560.14), (3, 560.14), (3, 560.14), (3, 560.14), (3, 560.14), (4, 150.71), (4, 150.71), (4, 150.71)
(3, 717.79), (1, 326.53), (2, 23.09), (3, 717.79), (4, 405.8), (4, 405.8), (4, 405.8), (1, 326.53), (4, 405.8), (2, 23.09), (2, 23.09), (3, 717.79), (4, 405.8), (3, 717.79), (3, 717.79), (3, 717.79), (3, 717.79), (4, 405.8), (4, 405.8), (4, 405.8), (4, 405.8)
(3, 736.61), (1, 343.11), (2, 35.23), (3, 736.61), (4, 421.52), (4, 421.52), (4, 421.52), (1, 343.11), (4, 421.52), (3, 736.61), (2, 35.23), (3, 736.61), (4, 421.52), (3, 736.61), (3, 736.61), (3, 736.61), (3, 736.61), (4, 421.52), (4, 421.52), (4, 421.52), (4, 421.52)
(3, 723.27), (1, 356.6), (2, 65.03), (3, 723.27), (4, 437.96), (4, 437.96), (4, 437.96), (1, 356.6), (4, 437.96), (2, 65.03), (2, 65.03), (2, 65.03), (4, 437.96), (3, 723.27), (3, 723.27), (3, 723.27), (3, 723.27), (4, 437.96), (4, 437.96), (4, 437.96), (4, 437.96)
(3, 731.33), (1, 310.88), (2, 31.14), (3, 731.33), (4, 385.56), (4, 385.56), (3, 731.33), (1, 310.88), (4, 385.56), (3, 731.33), (2, 31.14), (3, 731.33), (2, 31.14), (3, 731.33), (3, 731.33), (3, 731.33), (3, 731.33), (4, 385.56), (4, 385.56), (4, 385.56), (4, 385.56)
(2, 764.77), (1, 568.81), (2, 764.77), (3, 79.4), (4, 572.37), (4, 572.37), (1, 568.81), (1, 568.81), (2, 764.77), (2, 764.77), (2, 764.77), (2, 764.77), (2, 764.77), (3, 79.4), (2, 764.77), (4, 572.37), (4, 572.37), (4, 572.37), (4, 572.37), (4, 572.37), (4, 572.37)
(2, 710.49), (1, 524.08), (2, 710.49), (3, 71.34), (4, 533.44), (4, 533.44), (1, 524.08), (1, 524.08), (2, 710.49), (2, 710.49), (2, 710.49), (2, 710.49), (2, 710.49), (3, 71.34), (3, 71.34), (4, 533.44), (4, 533.44), (4, 533.44), (4, 533.44), (4, 533.44), (4, 533.44)
(2, 660.57), (1, 421.81), (2, 660.57), (3, 93.35), (4, 411.87), (4, 411.87), (1, 421.81), (2, 660.57), (2, 660.57), (2, 660.57), (2, 660.57), (2, 660.57), (2, 660.57), (3, 93.35), (3, 93.35), (3, 93.35), (3, 93.35), (4, 411.87), (4, 411.87), (2, 660.57), (4, 411.87)
(2, 788.81), (1, 554.52), (2, 788.81), (3, 91.24), (4, 540.94), (4, 540.94), (1, 554.52), (2, 788.81), (2, 788.81), (2, 788.81), (2, 788.81), (2, 788.81), (2, 788.81), (2, 788.81), (2, 788.81), (1, 554.52), (3, 91.24), (4, 540.94), (4, 540.94), (2, 788.81), (4, 540.94)
(3, 421.77), (1, 114.39), (2, 419.96), (3, 421.77), (4, 75.29), (2, 419.96), (2, 419.96), (2, 419.96), (2, 419.96), (2, 419.96), (2, 419.96), (2, 419.96), (2, 419.96), (3, 421.77), (3, 421.77), (3, 421.77), (3, 421.77), (4, 75.29), (2, 419.96), (2, 419.96), (4, 75.29)
(3, 564.26), (1, 133.56), (2, 399.53), (3, 564.26), (4, 72.14), (1, 133.56), (3, 564.26), (2, 399.53), (2, 399.53), (2, 399.53), (2, 399.53), (2, 399.53), (2, 399.53), (3, 564.26), (3, 564.26), (3, 564.26), (3, 564.26), (3, 564.26), (4, 72.14), (2, 399.53), (3, 564.26)
(3, 596.49), (1, 111.13), (2, 324.51), (3, 596.49), (4, 108.17), (4, 108.17), (3, 596.49), (3, 596.49), (2, 324.51), (2, 324.51), (2, 324.51), (2, 324.51), (2, 324.51), (3, 596.49), (3, 596.49), (3, 596.49), (3, 596.49), (3, 596.49), (4, 108.17), (4, 108.17), (3, 596.49)
(3, 532.48), (1, 151.2), (2, 438.63), (3, 532.48), (4, 69.35), (2, 438.63), (2, 438.63), (2, 438.63), (2, 438.63), (2, 438.63), (2, 438.63), (2, 438.63), (2, 438.63), (3, 532.48), (3, 532.48), (3, 532.48), (3, 532.48), (3, 532.48), (2, 438.63), (2, 438.63), (4, 69.35)
% Distances 
0.0, 1019.18, 1073.4, 641.81, 1057.6, 1088.98, 968.23, 991.7, 1048.24, 1065.39, 1079.31, 1044.85, 1103.29, 570.71, 574.67, 729.43, 677.58, 992.93, 1129.66, 1130.3, 1113.44
1019.18, 0.0, 308.33, 497.98, 85.07, 79.06, 53.0, 46.17, 77.83, 326.53, 343.11, 356.6, 310.88, 568.81, 524.08, 421.81, 554.52, 114.39, 133.56, 111.13, 151.2
1073.4, 308.33, 0.0, 711.68, 386.37, 351.73, 300.04, 274.13, 235.67, 23.09, 35.23, 65.03, 31.14, 764.77, 710.49, 660.57, 788.81, 419.96, 399.53, 324.51, 438.63
641.81, 497.98, 711.68, 0.0, 496.74, 542.39, 462.78, 494.41, 560.14, 717.79, 736.61, 723.27, 731.33, 79.4, 71.34, 93.35, 91.24, 421.77, 564.26, 596.49, 532.48
1057.6, 85.07, 386.37, 496.74, 0.0, 51.35, 126.02, 130.5, 150.71, 405.8, 421.52, 437.96, 385.56, 572.37, 533.44, 411.87, 540.94, 75.29, 72.14, 108.17, 69.35
1088.98, 79.06, 351.73, 542.39, 51.35, 0.0, 131.18, 122.81, 119.4, 372.32, 386.94, 407.02, 347.84, 616.88, 576.07, 459.37, 589.53, 124.04, 56.01, 57.0, 86.95
968.23, 53.0, 300.04, 462.78, 126.02, 131.18, 0.0, 32.02, 97.42, 315.64, 333.46, 340.83, 307.87, 530.74, 483.79, 392.05, 525.02, 125.36, 184.1, 162.79, 195.21
991.7, 46.17, 274.13, 494.41, 130.5, 122.81, 32.02, 0.0, 65.76, 290.81, 308.18, 318.25, 280.13, 561.87, 514.44, 424.06, 557.02, 146.39, 178.36, 143.96, 197.34
1048.24, 77.83, 235.67, 560.14, 150.71, 119.4, 97.42, 65.76, 0.0, 255.28, 270.84, 288.51, 235.49, 627.58, 579.91, 489.01, 622.02, 192.13, 172.45, 111.76, 205.77
1065.39, 326.53, 23.09, 717.79, 405.8, 372.32, 315.64, 290.81, 255.28, 0.0, 18.97, 42.19, 48.75, 769.05, 714.34, 669.17, 796.31, 437.07, 420.84, 346.39, 459.27
1079.31, 343.11, 35.23, 736.61, 421.52, 386.94, 333.46, 308.18, 270.84, 18.97, 0.0, 42.19, 50.09, 787.63, 732.85, 688.15, 815.25, 454.28, 434.56, 359.21, 473.83
1044.85, 356.6, 65.03, 723.27, 437.96, 407.02, 340.83, 318.25, 288.51, 42.19, 42.19, 0.0, 89.56, 771.04, 715.66, 679.48, 804.23, 464.48, 457.01, 384.03, 493.88
1103.29, 310.88, 31.14, 731.33, 385.56, 347.84, 307.87, 280.13, 235.49, 48.75, 50.09, 89.56, 0.0, 786.23, 732.43, 677.41, 806.82, 424.24, 393.07, 316.17, 434.22
570.71, 568.81, 764.77, 79.4, 572.37, 616.88, 530.74, 561.87, 627.58, 769.05, 787.63, 771.04, 786.23, 0.0, 56.3, 172.68, 115.16, 497.82, 640.86, 670.08, 610.26
574.67, 524.08, 710.49, 71.34, 533.44, 576.07, 483.79, 514.44, 579.91, 714.34, 732.85, 715.66, 732.43, 56.3, 0.0, 154.83, 146.41, 459.97, 603.35, 627.91, 575.54
729.43, 421.81, 660.57, 93.35, 411.87, 459.37, 392.05, 424.06, 489.01, 669.17, 688.15, 679.48, 677.41, 172.68, 154.83, 0.0, 133.02, 336.58, 477.3, 514.78, 443.31
677.58, 554.52, 788.81, 91.24, 540.94, 589.53, 525.02, 557.02, 622.02, 796.31, 815.25, 804.23, 806.82, 115.16, 146.41, 133.02, 0.0, 465.86, 604.01, 645.51, 567.13
992.93, 114.39, 419.96, 421.77, 75.29, 124.04, 125.36, 146.39, 192.13, 437.07, 454.28, 464.48, 424.24, 497.82, 459.97, 336.58, 465.86, 0.0, 143.39, 180.71, 120.51
1129.66, 133.56, 399.53, 564.26, 72.14, 56.01, 184.1, 178.36, 172.45, 420.84, 434.56, 457.01, 393.07, 640.86, 603.35, 477.3, 604.01, 143.39, 0.0, 79.2, 48.85
1130.3, 111.13, 324.51, 596.49, 108.17, 57.0, 162.79, 143.96, 111.76, 346.39, 359.21, 384.03, 316.17, 670.08, 627.91, 514.78, 645.51, 180.71, 79.2, 0.0, 125.8
1113.44, 151.2, 438.63, 532.48, 69.35, 86.95, 195.21, 197.34, 205.77, 459.27, 473.83, 493.88, 434.22, 610.26, 575.54, 443.31, 567.13, 120.51, 48.85, 125.8, 0.0
% DistancesWithCharging 
0.0, 1019.18, 1073.4, 641.81, 1057.6, 1140.33, 1021.23, 1037.8700000000001, 1126.07, 1088.48, 1114.54, 1109.8799999999999, 1134.43, 650.11, 646.01, 822.78, 768.82, 1068.22, 1201.8000000000002, 1238.47, 1182.79
1019.18, 0.0, 308.33, 497.98, 85.07, 130.41, 106.0, 92.34, 155.66, 349.61999999999995, 378.34000000000003, 421.63, 342.02, 648.2099999999999, 595.4200000000001, 515.16, 645.76, 189.68, 205.7, 219.3, 220.54999999999998
1073.4, 308.33, 0.0, 711.68, 386.37, 403.08000000000004, 353.04, 320.3, 313.5, 46.18, 70.46, 130.06, 62.28, 844.17, 781.83, 753.9200000000001, 880.05, 495.25, 471.66999999999996, 432.68, 507.98
641.81, 497.98, 711.68, 0.0, 496.74, 593.74, 515.78, 540.58, 637.97, 740.88, 771.84, 788.3, 762.47, 158.8, 142.68, 186.7, 182.48, 497.06, 636.4, 704.66, 601.83
1057.6, 85.07, 386.37, 496.74, 0.0, 102.7, 179.01999999999998, 176.67000000000002, 228.54000000000002, 428.89, 456.75, 502.99, 416.7, 651.77, 604.7800000000001, 505.22, 632.1800000000001, 150.58, 144.28, 216.34, 138.7
1088.98, 79.06, 351.73, 542.39, 51.35, 51.35, 184.18, 168.98000000000002, 197.23000000000002, 395.40999999999997, 422.17, 472.04999999999995, 378.97999999999996, 696.28, 647.4100000000001, 552.72, 680.77, 199.33, 128.15, 165.17000000000002, 156.3
968.23, 53.0, 300.04, 462.78, 126.02, 182.53, 53.0, 78.19, 175.25, 338.72999999999996, 368.69, 405.86, 339.01, 610.14, 555.13, 485.4, 616.26, 200.65, 256.24, 270.96, 264.56
991.7, 46.17, 274.13, 494.41, 130.5, 174.16, 85.02000000000001, 46.17, 143.59, 313.9, 343.41, 383.28, 311.27, 641.27, 585.7800000000001, 517.41, 648.26, 221.68, 250.5, 252.13, 266.69
1048.24, 77.83, 235.67, 560.14, 150.71, 170.75, 150.42000000000002, 111.93, 77.83, 278.37, 306.07, 353.53999999999996, 266.63, 706.98, 651.25, 582.36, 713.26, 267.42, 244.58999999999997, 219.93, 275.12
1065.39, 326.53, 23.09, 717.79, 405.8, 423.67, 368.64, 336.98, 333.11, 23.09, 54.199999999999996, 107.22, 79.89, 848.4499999999999, 785.6800000000001, 762.52, 887.55, 512.36, 492.97999999999996, 454.56, 528.62
1079.31, 343.11, 35.23, 736.61, 421.52, 438.29, 386.46, 354.35, 348.66999999999996, 42.06, 35.23, 107.22, 81.23, 867.03, 804.19, 781.5, 906.49, 529.5699999999999, 506.7, 467.38, 543.18
1044.85, 356.6, 65.03, 723.27, 437.96, 458.37, 393.83, 364.42, 366.34, 65.28, 77.41999999999999, 65.03, 120.7, 850.4399999999999, 787.0, 772.83, 895.47, 539.77, 529.15, 492.2, 563.23
1103.29, 310.88, 31.14, 731.33, 385.56, 399.19, 360.87, 326.3, 313.32, 71.84, 85.32, 154.59, 31.14, 865.63, 803.77, 770.76, 898.0600000000001, 499.53000000000003, 465.21, 424.34000000000003, 503.57000000000005
570.71, 568.81, 764.77, 79.4, 572.37, 668.23, 583.74, 608.04, 705.4100000000001, 792.14, 822.86, 836.0699999999999, 817.37, 79.4, 127.64, 266.03, 206.39999999999998, 573.11, 713.0, 778.25, 679.61
574.67, 524.08, 710.49, 71.34, 533.44, 627.4200000000001, 536.79, 560.61, 657.74, 737.4300000000001, 768.08, 780.6899999999999, 763.5699999999999, 135.7, 71.34, 248.18, 237.64999999999998, 535.26, 675.49, 736.0799999999999, 644.89
729.43, 421.81, 660.57, 93.35, 411.87, 510.72, 445.05, 470.23, 566.84, 692.26, 723.38, 744.51, 708.55, 252.08, 226.17000000000002, 93.35, 224.26, 411.87, 549.44, 622.9499999999999, 512.66
677.58, 554.52, 788.81, 91.24, 540.94, 640.88, 578.02, 603.1899999999999, 699.85, 819.4, 850.48, 869.26, 837.96, 194.56, 217.75, 226.37, 91.24, 541.15, 676.15, 753.68, 636.48
992.93, 114.39, 419.96, 421.77, 75.29, 175.39000000000001, 178.36, 192.56, 269.96, 460.15999999999997, 489.51, 529.51, 455.38, 577.22, 531.3100000000001, 429.92999999999995, 557.1, 75.29, 215.52999999999997, 288.88, 189.86
1129.66, 133.56, 399.53, 564.26, 72.14, 107.36, 237.1, 224.53000000000003, 250.27999999999997, 443.92999999999995, 469.79, 522.04, 424.21, 720.26, 674.69, 570.65, 695.25, 218.68, 72.14, 187.37, 118.19999999999999
1130.3, 111.13, 324.51, 596.49, 108.17, 108.35, 215.79, 190.13, 189.59, 369.47999999999996, 394.44, 449.05999999999995, 347.31, 749.48, 699.25, 608.13, 736.75, 256.0, 151.34, 108.17, 195.14999999999998
1113.44, 151.2, 438.63, 532.48, 69.35, 138.3, 248.21, 243.51, 283.6, 482.35999999999996, 509.06, 558.91, 465.36, 689.66, 646.88, 536.66, 658.37, 195.8, 120.99000000000001, 233.97, 69.35
